-0.05
0.07
0.05
0.02
0.03
-0.06
-0.11
-0.11
2.18
32.49
43.49
23.80
8.14
4.44
5.86
7.65
7.63
6.56
5.59
5.64
5.21
5.58
5.43
5.65
5.67
5.16
5.59
5.09
5.46
5.37
5.17
5.05
4.82
4.79
4.85
4.86
4.58
4.61
4.59
4.61
4.43
4.61
4.62
4.43
4.31
4.30
4.00
4.08
3.78
3.45
3.57
3.72
3.47
3.53
3.54
3.70
3.37
3.50
3.60
3.65
3.25
3.48
3.30
3.23
3.53
3.18
3.20
3.21
3.30
3.13
3.20
2.91
3.31
3.02
3.14
3.06
2.89
2.99
2.80
2.94
2.77
2.73
2.72
2.75
2.73
2.79
2.79
2.70
2.77
2.73
2.87
2.75
2.69
2.60
2.62
2.57
2.91
2.68
2.84
2.75
