0.04
0.05
0.02
0.05
-0.02
0.01
0.04
-0.15
1.99
58.29
53.19
51.06
15.31
7.48
5.18
5.30
8.05
9.88
9.13
7.59
6.69
6.37
6.73
7.14
7.87
7.66
7.31
7.31
7.32
6.80
7.07
6.70
6.72
6.36
6.24
5.73
5.71
5.86
6.27
5.91
5.69
5.50
5.39
5.81
5.60
5.55
5.33
5.28
5.51
5.11
5.00
5.06
4.97
5.07
5.12
4.93
4.80
4.86
4.84
4.76
4.86
4.91
4.89
4.79
4.69
4.75
4.43
4.68
4.62
4.57
4.59
4.58
4.46
4.41
4.24
4.16
4.20
4.42
4.74
4.38
4.54
4.15
4.44
4.04
4.13
4.05
4.31
4.26
4.14
4.18
3.85
4.03
4.09
4.19
3.82
4.16
4.40
4.11
4.03
4.13
