0.07
0.05
-0.23
-0.10
-0.22
0.18
0.15
0.18
10.23
11.36
49.67
28.18
15.79
8.38
8.26
11.24
11.08
9.14
8.00
6.23
6.38
6.51
6.91
6.82
6.48
6.90
6.12
6.37
6.19
6.13
6.04
5.79
5.64
5.98
5.36
5.50
5.17
5.27
5.49
5.08
5.44
4.98
5.21
4.35
4.72
4.62
4.23
3.99
4.29
3.85
3.95
3.59
3.67
3.24
4.05
3.93
3.46
3.55
3.26
3.45
3.65
3.20
3.71
3.45
3.35
3.32
3.35
3.18
2.81
2.97
3.62
3.43
3.12
3.41
3.06
3.27
2.80
3.00
2.84
3.33
2.95
2.81
2.88
2.54
3.45
2.83
2.95
2.72
2.73
3.16
2.80
2.84
2.83
2.22
2.83
2.64
2.63
2.35
2.23
2.29
