0.13
0.06
0.03
-0.18
-0.05
0.17
-0.21
0.10
-0.15
0.13
0.06
-0.05
0.10
-0.01
1.49
4.22
12.47
22.06
21.54
19.29
14.87
14.69
12.83
10.69
9.46
8.28
7.81
7.44
7.36
6.88
6.67
7.47
7.13
6.49
6.19
6.82
5.82
6.33
5.67
5.87
6.13
5.96
6.88
6.61
6.04
4.62
5.26
6.47
6.15
6.11
6.16
5.95
6.07
5.90
5.82
5.03
4.97
5.49
5.50
5.99
4.58
5.12
5.63
5.61
5.37
5.48
5.66
5.79
4.62
5.18
5.40
5.09
5.71
5.52
4.84
5.03
5.25
5.14
4.72
4.93
4.67
5.17
4.98
5.15
4.70
4.59
5.67
5.22
4.16
4.65
5.27
5.23
5.43
5.20
5.09
4.87
5.10
5.17
4.45
4.86
5.15
4.57
4.63
4.77
4.33
4.88
4.84
4.78
4.18
4.42
5.23
4.54
4.24
4.19
4.54
4.94
4.59
4.44
4.14
4.59
3.56
3.89
3.67
3.72
4.63
4.44
4.11
4.55
3.85
4.43
4.17
3.98
4.28
3.95
4.86
3.72
4.22
4.24
4.87
3.79
4.60
4.77
4.62
3.88
5.13
4.05
4.71
4.87
4.63
4.30
