0.02
-0.09
-0.38
0.22
-0.23
0.38
0.12
0.09
0.06
0.03
-0.16
-0.04
8.72
18.13
19.97
24.98
23.78
19.21
14.83
11.23
9.73
7.58
8.30
8.34
8.76
10.28
9.36
10.86
8.27
9.58
7.67
7.20
6.90
6.37
6.69
6.36
7.09
7.22
7.22
6.96
6.72
6.46
6.09
5.88
7.12
5.49
7.58
6.32
5.98
6.78
5.27
6.95
5.25
6.44
6.30
5.78
5.53
5.20
5.78
4.90
5.19
5.55
4.76
5.07
5.12
4.65
5.04
4.66
5.96
4.38
5.47
5.19
4.18
5.35
4.05
5.52
4.40
4.94
5.66
4.64
4.76
4.29
4.17
4.60
4.32
4.63
4.36
4.69
4.83
4.02
4.46
3.86
4.86
3.97
4.67
4.82
3.45
5.20
3.49
5.00
3.82
4.23
4.80
3.78
4.55
4.04
3.79
3.94
3.83
4.67
3.98
4.58
4.36
3.63
3.78
3.40
5.10
3.58
4.41
4.17
3.46
4.46
3.25
4.97
3.61
3.74
4.63
3.70
4.04
3.42
3.52
3.74
3.69
3.81
3.96
4.45
4.03
3.94
3.97
3.19
5.04
3.03
4.30
4.07
3.29
4.30
2.98
4.56
3.07
3.61
