0.07
0.08
-0.08
0.40
-0.15
-0.45
0.37
0.15
0.28
-0.55
1.00
14.86
33.04
34.33
38.80
31.32
21.44
13.24
6.82
5.81
3.40
4.68
6.20
7.15
8.31
7.50
7.92
6.17
5.99
7.24
6.47
6.33
5.81
7.55
6.08
6.64
7.37
6.15
7.03
5.10
6.17
5.91
5.62
6.37
5.41
6.13
5.87
5.20
6.08
5.11
5.17
5.69
5.12
4.85
5.04
5.82
4.11
4.76
4.60
5.06
5.65
4.95
4.89
4.48
4.53
4.34
3.87
4.99
4.91
3.93
4.47
3.48
5.34
3.91
3.85
3.93
3.44
4.12
4.25
4.40
3.74
3.94
4.00
3.43
3.54
3.31
4.06
3.61
3.74
3.36
2.95
3.82
3.29
3.57
3.26
3.69
3.84
3.36
3.47
3.79
2.74
3.86
3.48
3.73
3.83
2.97
3.24
3.31
3.98
3.48
2.70
3.34
3.59
3.05
2.69
1.97
3.14
2.75
2.78
2.29
3.79
2.65
3.63
3.16
3.04
3.58
4.13
3.52
3.27
3.34
4.27
3.05
3.55
2.35
3.30
3.14
2.94
3.39
3.45
3.03
3.65
2.09
2.88
2.52
3.23
2.71
3.04
2.98
2.91
3.84
