0.12
0.06
0.08
-0.15
0.02
0.00
0.00
-0.01
0.03
-0.04
0.62
19.97
35.40
35.62
46.75
27.73
11.74
5.90
3.97
4.53
6.26
9.39
10.81
10.41
10.04
9.76
9.56
7.42
8.12
8.06
8.58
8.87
8.33
9.02
8.65
8.36
7.88
8.59
7.62
8.27
7.50
7.29
7.25
7.14
6.57
7.10
6.40
6.47
6.43
6.10
6.41
5.86
6.07
5.79
5.69
5.62
5.50
5.65
5.60
5.85
5.40
5.31
5.18
5.27
5.29
5.39
5.25
5.17
5.28
5.80
5.15
4.93
4.90
5.06
5.23
4.75
4.85
4.65
4.72
4.56
4.67
4.51
4.53
4.68
4.56
4.59
4.41
4.45
4.47
4.58
4.33
4.45
4.22
4.90
4.17
4.30
4.36
4.39
4.34
4.22
4.12
4.10
3.95
3.73
4.08
4.12
4.23
4.09
3.87
3.91
3.80
4.18
3.84
3.94
4.07
3.84
3.92
4.13
3.69
3.80
3.63
3.56
3.80
3.45
3.41
3.40
3.49
3.42
3.47
3.40
3.66
3.49
3.59
3.26
3.37
3.67
3.45
3.61
3.71
3.45
3.37
3.82
3.51
3.39
3.31
3.13
3.52
3.23
3.62
3.18
