0.05
-0.18
-0.01
-0.01
0.20
0.07
-0.06
0.38
29.98
46.80
31.40
12.57
6.06
4.57
4.95
6.68
7.18
6.92
5.93
4.87
4.66
4.80
5.29
5.68
5.44
5.40
5.42
5.17
5.12
5.24
5.14
4.65
4.91
4.70
4.53
4.46
4.57
4.12
4.21
4.19
4.09
4.35
4.10
4.07
4.07
4.17
3.87
3.49
3.71
3.68
3.69
3.42
3.49
3.10
3.21
3.28
3.01
3.34
3.42
3.00
3.25
3.01
3.30
2.99
3.11
3.20
2.86
2.88
2.94
3.00
2.86
2.79
2.72
2.92
3.00
2.81
2.76
2.64
2.61
2.77
2.61
2.42
2.45
2.75
2.67
2.60
2.50
2.67
2.12
2.42
2.29
2.39
2.39
2.31
2.21
2.51
2.07
2.15
2.26
2.44
