0.02
-0.01
0.06
0.01
0.16
-0.17
-0.04
0.16
1.80
38.25
46.37
18.79
8.20
3.97
3.84
5.34
5.27
4.45
3.51
2.85
3.02
2.94
3.29
3.30
3.30
3.07
3.03
3.26
3.26
2.91
3.03
2.69
2.74
2.60
2.48
2.17
2.60
2.63
2.62
2.74
2.51
2.48
2.37
2.44
2.33
2.22
2.39
2.18
2.22
2.09
2.00
2.24
2.16
2.10
1.97
1.86
1.83
1.89
1.92
1.80
1.85
2.16
2.03
2.00
1.78
1.87
1.45
1.90
2.02
1.98
1.89
1.83
1.95
1.71
1.70
1.71
1.77
1.65
1.66
1.67
1.61
1.54
1.56
1.50
1.68
1.72
1.83
1.74
1.64
1.74
1.46
1.76
1.49
1.42
1.59
1.56
1.47
1.32
1.50
1.28
