-1.07
-0.69
-0.79
-0.69
0.66
-0.63
-0.19
-1.45
-0.47
0.97
0.19
0.66
2.51
17.88
29.51
28.69
27.56
31.05
27.12
21.15
14.65
12.60
9.96
10.72
12.48
11.60
12.10
10.94
11.25
9.37
7.89
8.71
9.02
11.06
9.24
9.40
10.34
10.47
10.91
9.81
10.31
9.43
8.96
10.94
8.33
8.71
7.51
8.83
8.71
8.36
9.74
7.73
8.08
7.45
7.54
7.67
7.57
9.24
7.54
8.01
7.64
7.83
7.70
5.66
7.29
6.88
7.35
7.07
5.37
7.61
5.66
6.22
6.38
5.94
8.49
5.56
6.41
7.01
5.47
6.00
5.59
6.63
5.59
5.37
6.10
6.32
6.07
5.34
6.76
5.09
5.81
6.35
5.22
5.31
4.65
6.07
5.69
4.27
6.13
4.93
6.03
5.06
4.46
5.06
5.22
5.22
4.43
5.59
4.24
6.57
5.94
4.18
6.19
4.27
4.53
5.56
4.02
5.81
4.05
4.02
4.90
4.59
5.44
5.22
4.02
4.59
4.59
5.31
4.84
5.69
4.62
5.22
4.62
4.87
4.78
3.46
5.63
5.25
5.91
5.22
4.46
5.25
3.02
5.15
4.37
3.90
5.97
4.62
4.49
4.81
