-0.12
-0.24
0.08
0.02
0.18
0.02
-0.08
-0.31
14.58
32.44
45.66
21.04
8.71
4.51
8.00
10.82
10.56
8.15
7.26
8.33
8.63
10.06
9.20
9.07
7.49
7.66
7.05
6.67
7.02
5.93
5.58
6.09
4.68
5.90
5.24
5.66
5.10
3.75
4.81
4.43
4.37
4.17
3.73
3.88
3.86
4.31
3.66
3.32
3.61
3.34
3.22
3.39
3.35
3.34
2.94
3.34
2.69
3.51
3.12
3.31
2.95
2.99
3.30
2.61
2.68
2.50
2.61
3.31
2.87
3.12
2.86
2.49
2.56
2.59
2.69
2.41
2.98
2.84
2.27
2.98
2.41
2.69
2.88
2.28
3.35
2.19
2.53
2.51
2.19
2.71
2.38
2.76
1.92
2.46
2.39
2.58
2.50
2.02
2.14
2.03
