-0.14
0.22
0.00
0.17
-0.24
0.27
-0.27
0.12
0.04
0.02
-0.30
0.47
11.42
43.33
62.84
57.96
54.27
36.60
26.78
18.58
13.03
10.68
8.93
8.21
9.01
8.95
9.33
9.10
9.57
7.31
7.38
6.68
7.03
5.85
5.48
6.34
5.65
6.23
5.58
5.48
5.37
6.05
5.83
5.57
4.71
5.73
4.69
4.90
4.80
5.37
4.77
4.72
5.07
4.27
3.66
4.81
4.71
4.53
4.42
4.50
4.51
4.57
4.82
4.50
3.62
4.15
4.10
4.32
4.13
4.68
4.17
3.71
4.18
3.66
4.03
3.60
4.03
3.59
3.86
4.26
3.50
3.90
3.38
4.00
3.71
2.90
3.73
2.97
2.54
3.53
3.68
3.78
3.16
3.48
3.38
2.67
3.86
2.78
3.19
2.98
3.69
2.40
2.56
3.09
2.83
3.40
2.89
2.95
2.62
3.08
3.00
3.24
2.11
2.32
2.62
3.50
2.76
2.92
2.78
2.16
3.04
2.84
2.67
3.37
2.51
2.28
2.25
2.87
2.51
2.71
2.42
2.67
2.26
2.57
2.41
2.62
2.00
2.40
2.15
2.33
2.53
2.23
2.18
2.64
2.41
2.46
2.23
2.56
2.54
2.05
