0.16
0.24
0.10
-0.41
0.16
-0.11
-0.06
0.22
-0.21
0.07
0.52
15.64
58.58
58.07
38.01
31.92
13.95
11.03
6.41
6.27
8.29
9.66
7.74
5.12
6.36
7.23
6.84
6.58
5.23
5.79
5.14
5.13
4.84
5.00
4.84
4.40
5.12
4.60
4.50
4.55
4.75
4.34
4.23
4.35
4.18
4.12
4.57
3.44
3.67
3.85
3.93
4.51
3.40
4.66
4.19
4.17
3.89
3.46
4.08
3.54
4.50
4.39
3.52
3.90
4.12
3.82
3.52
3.22
2.97
2.73
4.51
3.57
3.19
3.63
2.88
3.88
2.69
4.13
3.19
3.04
3.74
3.28
3.80
3.50
4.00
3.86
3.57
3.41
3.46
3.39
2.76
3.84
3.46
3.39
3.57
3.17
3.36
2.97
3.24
3.97
3.06
3.63
3.51
3.47
3.73
3.74
3.65
3.28
3.63
3.94
3.47
3.12
3.12
3.54
3.39
2.96
3.79
3.58
3.93
3.18
2.51
3.47
3.50
3.61
3.01
3.51
3.29
3.22
3.84
3.43
3.52
3.50
3.06
3.05
2.91
3.17
3.62
3.35
3.07
2.93
3.15
2.68
3.77
3.19
2.77
3.27
3.45
3.13
2.72
3.35
