0.15
0.00
-0.29
0.13
0.04
0.14
-0.03
-0.01
0.10
-0.02
-0.08
0.67
5.79
27.20
46.25
35.47
28.01
17.42
11.27
6.89
5.37
4.33
3.32
3.89
3.91
4.93
4.64
5.59
5.52
5.30
5.58
5.01
5.21
5.02
4.67
5.01
4.50
4.94
4.68
4.51
4.84
4.90
4.30
4.16
4.20
4.46
4.13
4.08
4.52
4.18
4.38
4.26
4.07
3.60
3.89
3.55
3.91
3.82
3.76
3.45
3.63
3.51
3.65
3.75
3.82
3.68
3.47
3.69
3.58
3.34
3.57
3.97
3.60
3.49
3.39
3.91
3.01
3.34
3.30
3.45
3.42
3.28
3.24
3.19
2.89
3.14
3.25
3.23
3.30
3.14
3.01
3.14
3.39
2.79
3.39
3.36
2.93
3.05
3.17
3.09
2.89
2.71
2.76
2.98
3.06
3.03
3.26
2.75
2.77
2.77
2.88
3.00
2.84
2.97
2.59
2.37
2.83
2.37
2.78
3.02
3.28
2.59
2.70
3.05
2.65
2.84
3.09
2.76
2.71
2.57
2.60
3.04
2.54
2.55
2.70
2.48
2.60
2.52
2.39
2.70
2.59
2.57
2.55
2.32
2.19
2.50
2.45
2.58
2.07
2.42
