-0.01
-0.04
0.09
0.01
-0.09
-0.10
0.02
-0.09
0.01
0.20
0.25
5.08
42.10
54.30
53.36
38.78
20.46
11.38
6.67
4.30
3.06
3.36
4.90
6.88
8.22
9.26
8.62
8.16
7.31
6.87
5.95
5.90
6.28
6.29
6.28
6.40
6.56
6.32
6.27
6.37
6.19
5.79
6.27
5.76
5.46
5.41
5.44
5.16
5.09
5.07
4.98
4.76
4.89
4.76
4.78
4.86
4.68
5.01
4.84
4.58
4.75
4.59
4.50
4.44
4.75
4.54
4.57
4.20
4.39
4.26
4.12
4.04
4.13
4.17
3.89
4.26
3.71
3.81
4.02
3.62
3.93
4.19
4.01
3.79
3.87
4.00
3.89
3.86
4.40
3.74
3.73
3.70
3.91
3.66
3.69
3.56
3.41
3.61
3.50
3.63
3.61
3.36
3.40
3.32
3.59
3.57
3.45
3.66
3.48
3.46
3.61
3.53
3.57
3.29
3.63
3.31
3.31
3.41
3.23
3.40
3.19
3.12
3.15
3.30
3.00
3.30
3.13
2.95
3.29
3.27
3.09
3.29
3.14
3.17
3.12
3.16
3.36
3.25
3.03
3.09
3.08
3.00
3.12
3.00
2.96
2.88
2.91
2.96
2.81
2.93
