0.42
0.01
0.10
-0.17
-0.16
0.33
-0.02
-0.08
0.26
-0.27
31.22
33.33
26.48
16.97
9.42
9.25
7.45
6.95
7.67
8.48
9.10
8.23
7.02
6.26
4.75
5.00
4.29
4.52
4.76
5.14
5.19
4.26
5.88
4.22
4.33
5.02
3.82
4.08
3.57
3.90
3.54
4.51
3.87
3.93
3.39
3.85
4.35
4.52
3.54
5.18
4.62
4.82
4.64
4.35
3.78
2.73
5.18
3.11
3.61
4.58
2.43
3.67
2.77
4.00
3.21
3.00
2.32
2.14
2.86
2.47
2.90
2.32
3.40
2.85
2.06
2.80
2.01
2.54
3.02
2.57
2.59
2.39
2.36
2.94
2.72
2.88
2.63
3.40
2.18
2.87
2.88
2.46
2.44
2.42
3.53
2.21
2.52
2.18
2.51
2.45
