0.09
0.03
-0.15
0.22
-0.05
0.11
-0.04
0.07
-0.19
-0.04
0.03
0.31
4.79
19.07
30.28
29.32
27.49
22.26
15.32
11.07
8.14
6.72
5.41
5.77
6.49
7.69
7.74
7.93
7.79
7.25
6.96
6.42
5.97
5.74
5.15
4.83
4.53
4.40
5.19
4.20
4.49
4.50
4.82
4.65
4.86
4.86
5.14
4.65
4.70
4.56
4.32
4.53
4.39
3.94
4.22
4.34
3.90
4.28
4.20
4.24
4.21
3.89
4.76
3.65
4.20
4.04
3.93
3.85
3.34
3.20
3.51
3.17
3.52
3.46
3.27
3.85
3.75
3.67
3.84
3.26
3.34
3.53
3.44
3.40
3.20
3.13
3.40
2.72
3.00
3.09
2.98
3.19
2.90
2.85
3.32
3.04
3.46
3.25
3.18
3.22
3.03
3.05
2.88
3.57
2.91
3.69
3.13
2.97
3.06
2.36
3.37
2.50
3.08
3.17
3.44
3.40
3.11
2.84
2.88
3.25
3.12
3.01
2.85
3.14
2.91
2.59
2.73
2.96
2.41
2.91
2.58
2.91
2.75
2.43
3.33
2.61
2.86
2.79
2.60
2.91
2.74
2.53
2.64
2.91
2.74
2.81
2.95
2.84
2.70
2.74
