-0.01
0.03
-0.03
0.02
0.02
0.06
-0.03
-0.06
0.78
15.89
30.42
27.19
15.68
10.16
7.33
6.42
6.34
7.11
6.55
5.67
4.88
4.19
4.04
3.92
4.40
4.42
4.15
4.34
4.34
4.54
4.26
4.08
4.35
4.00
4.24
4.01
3.91
3.79
4.03
3.65
3.56
3.99
3.65
3.55
3.49
3.35
3.40
3.22
3.35
3.32
3.19
3.27
3.29
3.01
3.05
3.05
3.15
2.97
3.19
3.22
3.19
3.01
2.99
3.04
2.96
3.09
2.83
2.95
2.97
2.76
2.82
2.74
2.83
2.79
2.70
2.76
2.64
2.62
2.78
2.76
2.74
2.60
2.67
2.62
2.70
2.33
2.49
2.41
2.51
2.54
2.45
2.62
2.57
2.44
2.38
2.44
2.43
2.52
2.27
2.42
