-0.09
-0.03
0.00
0.03
0.07
0.00
0.05
-0.02
-0.02
4.51
22.26
23.50
33.18
22.52
14.05
8.20
5.59
4.98
6.35
7.71
8.37
8.15
8.14
6.87
5.69
4.94
4.61
4.57
4.39
4.71
4.94
4.87
4.86
4.82
4.31
4.74
4.42
4.57
4.40
4.64
4.47
4.53
4.89
4.05
4.16
4.08
4.18
3.56
3.50
3.60
3.47
3.56
3.21
3.47
3.22
3.10
3.30
3.37
3.28
3.30
3.34
3.24
2.99
3.02
2.98
2.91
2.96
2.71
2.99
2.87
2.98
2.82
2.76
2.85
3.02
2.93
2.72
2.83
2.51
2.71
2.70
2.74
2.69
2.58
2.85
2.77
2.66
2.65
2.53
2.59
2.57
2.51
2.72
2.38
2.46
2.16
2.46
2.36
2.56
2.22
