-0.17
-0.09
-0.16
0.27
-0.30
0.37
-0.26
0.01
0.31
0.03
7.69
27.02
28.24
41.03
32.69
17.49
12.36
9.36
7.66
8.84
11.05
12.57
14.63
13.33
13.67
10.58
10.58
9.53
9.63
10.74
10.34
11.24
11.41
10.86
10.02
9.80
9.11
8.67
9.23
8.64
9.21
9.87
9.45
9.00
9.22
9.23
9.34
8.86
8.37
8.22
8.26
8.44
7.48
6.89
7.38
7.25
7.69
7.72
8.07
7.14
7.43
6.71
7.80
6.79
7.09
6.90
7.12
7.00
6.45
6.08
6.93
6.24
6.11
6.52
6.41
6.37
6.29
6.18
5.56
6.48
5.86
6.55
6.06
5.50
5.93
5.68
6.02
5.79
5.34
5.66
6.00
5.84
5.31
5.38
6.05
5.07
5.61
5.55
4.99
5.46
5.29
5.01
4.53
5.27
4.76
5.46
5.15
5.12
5.35
4.32
5.59
4.56
4.33
5.54
4.80
4.70
4.95
4.70
5.07
4.74
5.03
4.89
4.76
4.38
4.03
4.77
4.13
5.05
4.75
4.30
4.59
4.24
4.85
4.23
4.42
4.33
4.25
4.35
4.82
4.48
4.74
4.37
5.26
4.89
4.80
4.69
4.19
4.48
4.18
4.33
