0.16
0.07
0.02
-0.21
0.19
-0.09
0.03
0.23
-0.30
0.07
0.13
6.15
30.22
53.24
57.40
49.32
41.93
24.18
21.78
15.93
14.53
13.76
13.48
15.77
14.80
14.91
13.03
11.18
9.66
8.79
8.27
7.78
7.54
8.06
7.47
8.01
7.42
7.95
7.64
7.00
7.40
7.02
7.10
7.05
7.33
6.63
6.52
6.35
6.13
6.57
5.92
6.38
5.88
6.43
5.89
6.02
5.58
5.80
5.34
5.65
4.82
5.49
5.24
5.41
5.25
5.20
4.96
4.80
5.27
4.80
4.31
4.86
4.60
4.89
4.39
4.61
4.12
4.76
4.57
4.49
3.99
4.67
4.09
4.69
4.29
4.42
4.68
3.92
4.41
3.89
4.33
4.09
4.38
4.20
4.09
3.76
4.15
3.78
3.95
3.78
3.72
3.78
3.84
3.83
3.40
4.23
3.51
3.52
3.62
3.52
3.83
3.41
3.85
3.46
3.96
3.57
3.72
3.39
3.49
3.16
3.19
3.25
3.55
3.45
2.78
2.96
2.97
3.41
2.83
3.37
2.92
3.35
3.45
3.19
3.28
3.02
3.63
2.68
3.37
3.26
3.34
2.78
3.27
2.71
3.18
2.92
3.13
2.83
2.70
2.78
