-0.22
-0.12
0.03
0.02
0.18
0.28
-0.12
-0.04
0.13
9.23
44.95
35.44
32.81
22.06
12.55
7.16
5.06
5.82
7.35
10.67
11.32
9.61
9.22
7.90
6.59
7.27
6.62
7.65
8.19
7.58
8.29
7.98
6.69
6.72
7.23
6.31
6.86
6.85
6.32
6.27
6.83
5.62
6.28
6.69
5.92
6.20
6.28
5.28
6.12
5.96
4.57
6.08
4.70
4.45
5.87
5.32
4.39
5.00
4.87
4.34
5.26
4.85
4.29
4.90
4.45
4.34
4.73
4.49
4.66
4.99
3.86
4.69
4.61
3.88
4.79
4.32
3.63
4.45
3.86
4.31
4.63
3.72
3.85
4.40
3.85
3.92
4.62
3.48
3.68
4.07
3.36
3.43
4.10
3.67
3.55
3.66
3.48
3.54
3.82
3.62
