0.13
0.02
-0.05
-0.16
0.08
-0.07
0.30
-0.03
-0.09
-0.11
1.63
34.62
45.22
39.05
19.61
11.20
6.69
4.13
4.39
3.29
4.86
5.89
6.40
5.57
5.33
4.04
3.67
3.91
3.56
4.37
4.64
4.84
5.08
4.30
5.28
4.39
3.88
4.47
4.18
4.04
4.30
3.46
4.04
3.84
3.84
3.05
3.54
3.46
3.93
3.75
3.14
3.85
3.44
3.71
3.44
3.57
3.94
3.29
3.69
3.44
3.04
3.95
3.64
3.04
3.50
3.02
3.41
3.01
3.42
3.12
3.79
3.47
3.23
3.30
3.09
3.86
2.71
3.52
3.60
3.44
3.50
3.24
3.82
3.23
2.90
3.13
3.33
2.96
2.92
3.21
3.30
2.76
3.11
3.09
3.33
3.10
2.92
2.98
3.18
3.16
2.80
3.45
2.67
3.05
3.16
2.69
2.81
2.93
3.01
2.90
3.06
2.69
3.00
2.81
2.91
2.96
2.25
2.45
2.81
2.92
2.64
2.91
2.47
3.10
2.67
3.23
3.24
2.79
3.06
2.89
3.08
2.93
2.64
2.83
2.40
2.65
2.38
2.93
2.70
2.59
2.28
2.09
2.67
2.40
2.76
2.40
2.39
3.51
2.59
3.01
