0.09
-0.14
0.28
-0.24
-0.35
0.33
-0.29
-0.06
0.48
0.27
3.99
24.68
38.30
41.21
53.34
34.78
18.38
8.69
7.29
5.55
7.02
9.88
12.71
12.68
12.93
10.19
9.11
8.57
6.57
6.12
5.17
5.37
6.03
6.64
6.89
6.58
7.32
6.89
7.32
6.46
7.44
8.24
7.27
7.07
7.26
8.03
8.29
7.52
7.63
7.06
6.58
7.79
7.38
6.33
6.22
6.83
6.64
6.40
6.86
6.69
6.03
6.21
5.71
5.30
6.08
5.91
5.82
6.17
5.93
5.57
5.65
5.55
5.74
4.92
4.89
5.58
5.17
5.37
5.51
5.38
5.51
4.78
5.03
4.91
5.13
5.70
3.96
5.23
4.76
5.75
5.00
5.37
5.73
4.64
5.40
5.00
4.12
4.51
4.01
5.28
5.07
4.67
4.61
4.50
3.74
3.96
4.94
4.42
4.64
5.13
4.25
4.90
3.38
4.26
3.21
4.27
5.01
4.41
4.66
5.22
4.40
3.93
3.22
3.56
3.71
4.10
4.03
3.31
4.25
3.20
3.66
3.21
4.04
4.71
3.66
5.09
3.00
3.95
3.38
3.48
4.00
2.98
4.42
4.18
4.61
3.53
3.56
2.71
3.60
4.28
