0.16
0.22
-0.03
0.03
0.22
0.07
-0.16
-0.08
-0.17
-0.11
-0.07
3.48
19.02
30.52
42.10
49.95
41.17
27.49
18.21
13.20
10.98
10.95
12.51
13.44
13.72
13.24
11.91
10.95
10.21
9.19
8.44
8.39
8.05
8.18
8.19
8.22
7.91
7.75
7.83
7.22
7.69
7.19
7.30
7.13
7.01
6.45
6.47
6.79
6.89
6.92
7.17
6.99
6.34
6.18
6.19
6.32
6.06
6.31
6.25
6.35
6.13
5.73
5.84
5.57
6.19
5.79
5.69
6.06
5.76
5.84
5.80
5.30
5.72
5.16
5.68
5.49
4.99
5.03
5.03
5.42
5.17
5.46
5.54
5.52
5.12
5.10
4.99
4.84
5.14
4.60
4.93
4.83
5.02
4.92
4.51
4.63
5.03
4.96
4.95
4.88
4.58
4.14
4.44
4.74
4.52
4.76
4.27
4.66
4.39
4.45
4.48
4.11
4.49
4.78
4.31
4.31
4.19
4.49
3.83
3.72
4.09
3.96
4.05
4.36
4.40
4.07
3.97
4.20
4.09
4.46
3.97
4.21
3.74
3.89
4.00
3.67
4.02
3.96
4.18
3.85
3.95
4.00
4.00
3.58
4.07
3.63
3.85
4.33
3.99
3.59
