-0.29
-0.44
-0.46
-0.09
-0.17
-0.03
-0.20
0.10
1.40
62.99
56.40
41.62
17.11
5.07
2.84
4.77
9.77
13.52
12.31
11.45
10.07
9.64
11.19
10.92
10.54
10.09
10.01
9.78
9.72
9.53
8.96
8.23
7.82
8.15
7.86
7.43
7.81
7.09
7.63
7.02
7.12
6.76
6.31
6.51
6.88
6.12
5.62
6.03
5.85
5.36
5.91
5.37
5.57
5.19
4.97
5.02
4.56
5.20
5.18
4.94
5.15
4.38
4.82
4.34
4.24
4.34
4.26
4.38
4.09
4.40
4.31
4.44
3.99
3.90
4.44
4.20
3.88
4.18
4.00
4.33
3.84
3.81
4.22
3.75
3.75
3.82
4.08
3.39
4.01
3.44
3.71
3.98
3.32
3.63
3.35
3.75
3.34
3.36
3.48
3.32
