0.22
0.09
0.19
-0.56
0.00
0.04
-0.03
-0.09
0.23
-0.09
0.41
-0.18
2.16
17.94
32.63
33.12
34.58
32.95
25.65
20.77
15.00
11.66
9.64
9.50
9.81
9.58
10.17
9.88
9.29
9.40
8.37
7.82
7.08
7.06
7.47
7.38
7.22
6.42
6.54
6.67
6.17
6.66
6.14
6.38
5.87
6.42
6.24
5.99
5.96
5.01
6.09
5.39
5.43
5.83
5.52
5.66
5.66
5.40
5.67
5.20
5.95
5.26
4.95
5.57
4.68
5.62
4.81
4.81
4.45
4.98
4.96
4.84
4.63
4.64
5.03
3.94
4.47
4.77
4.50
4.77
4.45
4.79
4.70
4.23
5.09
4.22
4.12
4.42
3.89
4.59
3.97
4.23
4.11
4.17
4.43
4.11
4.44
3.69
4.09
4.07
3.64
4.68
4.17
4.10
4.04
3.63
4.13
3.57
3.97
3.93
3.92
4.14
3.15
3.89
3.27
4.09
3.47
3.84
3.61
3.52
3.78
3.48
3.91
3.07
3.49
4.12
3.38
3.55
3.57
3.22
3.45
3.47
3.68
3.33
3.53
3.56
3.68
3.65
3.34
3.83
3.42
3.83
3.86
3.54
3.83
3.30
3.57
3.23
3.14
3.43
