0.01
-0.02
-0.01
-0.01
-0.01
0.09
-0.02
-0.04
0.07
-0.04
0.10
5.72
36.62
70.18
67.70
39.21
24.93
15.78
11.27
8.10
6.12
5.48
6.36
7.69
8.82
9.76
9.15
8.64
7.83
7.25
6.08
5.84
5.78
5.58
5.84
5.91
5.70
5.88
5.68
5.83
6.02
5.94
5.79
5.67
5.63
5.48
5.37
5.17
5.13
5.02
4.98
5.22
4.65
5.10
4.77
4.85
4.77
4.41
4.44
4.51
4.55
4.41
4.02
4.25
4.38
4.36
4.38
4.13
3.86
3.98
4.12
4.15
4.35
4.20
4.30
4.08
3.99
4.20
4.09
3.96
3.97
3.84
4.04
4.07
3.85
3.96
3.49
3.80
3.80
3.94
3.90
3.88
3.90
3.89
3.67
3.54
3.74
3.59
3.64
3.48
3.47
3.62
3.68
3.53
3.49
3.45
3.36
3.38
3.62
3.56
3.45
3.39
3.51
3.61
3.48
3.35
3.33
3.45
3.53
3.29
3.53
3.36
3.27
3.34
3.23
3.18
3.18
3.29
3.46
3.10
3.16
3.28
3.22
3.42
3.19
3.34
3.25
3.18
3.29
3.16
3.06
3.25
3.27
3.26
3.12
3.08
3.18
3.04
3.21
3.26
