0.27
0.10
0.01
-0.34
0.10
-0.20
-0.10
0.26
0.22
0.28
1.52
18.34
32.52
39.09
44.08
26.48
11.27
5.66
3.62
4.51
5.20
7.63
7.13
6.84
6.46
5.05
4.79
4.48
5.52
4.97
5.91
5.60
5.29
6.35
5.88
5.56
5.91
6.35
5.44
5.10
4.88
5.80
6.14
5.32
5.08
4.99
4.33
4.61
4.83
4.92
4.81
4.03
5.19
3.90
5.07
4.32
4.59
4.23
4.47
4.20
4.33
4.09
4.67
4.87
3.69
4.37
3.33
4.18
4.04
4.16
3.65
3.75
3.58
3.56
3.76
4.13
4.37
3.37
3.64
3.76
3.85
3.28
4.01
3.69
3.60
3.80
3.48
3.84
3.29
3.27
3.08
3.24
3.25
3.27
2.85
2.92
2.98
2.60
3.10
3.43
3.55
2.61
3.46
3.44
2.99
4.03
3.45
2.91
3.22
3.99
3.22
3.17
3.15
3.13
2.73
3.42
3.33
3.75
2.81
2.96
2.97
3.05
2.84
2.71
3.12
3.07
2.95
2.80
3.05
3.03
2.96
2.67
2.74
2.95
3.51
3.10
2.92
2.92
2.22
2.77
2.38
2.32
2.13
2.57
2.77
2.66
2.75
2.46
2.91
2.58
