0.04
-0.02
0.12
-0.06
0.11
-0.03
-0.13
-0.02
1.75
15.85
21.09
16.44
8.03
3.81
3.17
4.45
5.01
5.21
4.63
4.04
3.36
3.84
3.44
3.84
3.96
3.60
3.82
3.38
3.55
3.06
2.78
3.13
2.78
2.76
2.94
2.91
2.87
2.64
2.60
2.58
2.49
2.73
2.40
2.80
2.30
2.53
2.33
2.19
2.37
1.82
2.17
2.05
2.26
2.42
2.15
2.07
2.16
1.99
2.37
1.82
2.02
1.75
1.90
2.19
1.81
2.03
1.68
1.87
1.61
1.98
1.57
1.61
1.77
1.47
1.72
1.57
1.42
1.76
1.45
1.81
1.44
1.67
1.91
1.47
1.60
1.53
1.41
1.52
1.35
1.65
1.47
1.53
1.35
1.71
1.56
1.52
1.74
1.60
1.70
1.41
