-0.27
0.11
0.00
-0.13
-0.01
-0.05
-0.03
-0.10
0.06
0.15
0.30
8.88
56.69
67.20
60.35
42.64
25.73
15.02
9.00
6.03
4.86
5.70
7.54
9.74
11.65
11.56
10.50
9.52
9.48
8.82
8.71
8.84
9.03
8.95
9.46
9.56
8.79
8.84
8.49
7.93
8.17
7.77
7.57
7.35
7.22
7.15
7.10
7.00
6.80
6.70
6.54
6.69
6.53
6.28
6.69
6.57
6.07
6.28
6.43
6.56
6.34
6.18
6.20
5.68
6.38
6.09
6.03
5.65
6.01
5.65
5.38
5.52
5.51
5.40
5.23
5.50
5.35
5.11
5.56
5.11
4.94
5.32
4.86
5.55
5.41
5.09
5.40
5.42
5.19
5.13
5.12
4.74
4.56
4.93
4.80
4.98
4.40
4.52
4.30
5.01
4.39
4.22
4.45
4.63
4.03
4.89
4.50
4.46
4.52
4.50
4.26
4.33
4.55
4.12
4.29
4.28
4.02
4.05
4.46
3.92
3.91
4.00
4.19
3.70
3.74
4.03
3.85
3.80
4.13
4.29
4.03
4.13
4.00
3.91
3.95
4.25
3.98
4.04
4.06
3.76
3.70
3.82
3.56
3.49
3.87
3.46
3.78
3.61
3.30
3.70
