0.10
-0.09
-0.02
0.06
0.03
0.09
0.00
-0.07
10.32
44.99
57.22
20.97
7.00
3.12
3.45
6.08
8.36
8.17
7.04
5.67
4.85
5.43
5.70
5.39
5.60
5.24
4.72
4.71
4.47
4.43
4.17
4.22
4.10
4.19
4.14
4.21
4.04
3.90
3.46
3.34
3.51
3.42
3.41
3.50
3.50
3.55
3.59
3.06
3.15
2.93
3.10
3.20
3.12
3.02
2.86
3.03
2.90
2.90
2.67
3.10
2.71
2.67
2.44
2.25
2.79
2.55
2.72
2.57
2.49
2.65
2.45
2.35
2.44
2.11
2.11
2.32
2.06
1.93
2.42
2.60
2.44
2.31
2.02
2.05
1.78
1.76
1.93
1.91
2.22
2.25
2.27
2.29
2.13
1.98
2.07
1.84
1.93
1.74
1.80
1.85
