0.16
0.01
0.05
0.25
0.18
-0.11
-0.23
0.05
-0.20
0.05
3.66
28.13
34.11
53.07
39.17
16.03
8.38
3.41
2.96
5.04
8.59
10.02
10.29
10.53
8.57
6.89
6.29
4.98
5.15
5.47
6.20
6.55
6.94
6.11
6.92
7.03
6.89
7.04
7.28
6.89
7.15
6.54
6.55
6.47
6.63
6.38
5.99
6.85
6.12
6.16
6.02
5.65
5.39
5.63
4.83
5.29
4.88
5.18
5.12
4.92
4.93
4.75
5.13
5.03
4.91
5.03
4.48
5.28
4.35
4.35
3.88
4.16
4.74
5.52
4.55
4.45
4.75
4.77
3.80
4.93
4.63
4.83
4.47
4.37
4.74
3.99
4.26
4.20
4.10
4.63
4.11
4.58
4.01
4.50
3.70
4.12
3.85
3.47
4.48
3.80
4.00
3.79
3.97
3.50
3.23
4.05
3.51
3.99
3.84
3.59
3.98
4.28
3.83
3.68
3.67
3.58
3.76
4.10
3.47
4.02
3.79
3.28
3.76
4.21
3.92
3.87
3.43
3.71
3.18
3.84
3.81
3.36
3.51
3.28
3.91
3.70
3.49
3.26
2.98
3.80
4.09
4.15
3.95
3.55
3.30
3.61
3.01
3.26
3.54
2.86
