-0.26
0.11
0.32
-0.37
-0.13
0.12
0.25
-0.05
0.04
-0.40
0.14
0.63
6.54
29.59
42.10
45.81
42.22
34.40
20.57
14.51
8.10
5.98
4.77
4.16
4.20
5.08
5.74
6.19
6.57
6.95
5.81
5.25
4.76
3.95
3.82
3.29
4.35
3.77
3.81
4.30
4.95
4.86
5.01
4.92
4.27
4.50
4.55
4.36
4.21
4.92
3.87
4.51
4.64
5.10
3.97
4.41
4.80
4.32
3.89
3.15
4.05
3.59
4.03
3.62
3.81
3.82
3.66
2.68
3.09
4.10
3.92
3.57
3.65
4.12
3.23
3.78
3.49
3.73
2.59
3.56
3.42
4.11
3.52
3.05
3.29
3.91
4.07
3.83
3.37
3.33
3.21
3.13
3.25
2.87
3.35
3.44
3.02
3.24
3.21
2.98
3.07
3.05
2.66
3.13
3.47
2.91
3.25
3.00
3.08
2.78
3.10
3.15
3.36
2.91
2.60
2.42
2.45
2.67
2.95
2.75
2.80
2.99
2.87
2.83
2.46
2.69
2.82
3.68
3.79
3.38
3.20
2.88
3.23
2.46
2.55
3.01
2.17
2.86
1.99
1.96
1.79
2.10
2.21
2.22
2.25
2.28
2.97
2.00
2.14
2.51
