-0.24
-0.03
-0.02
0.29
-0.22
-0.09
0.07
0.00
8.07
37.00
50.88
45.17
14.65
5.68
4.67
7.83
12.15
13.32
12.22
10.56
8.48
7.79
8.11
7.86
8.44
8.96
8.88
9.13
8.57
8.38
8.64
8.12
7.90
7.92
7.53
7.48
7.10
7.31
7.39
7.39
7.59
6.73
6.81
6.55
6.29
6.26
5.54
6.27
6.21
6.51
6.04
5.78
5.65
5.86
5.48
5.34
5.73
5.15
5.19
5.45
5.23
5.38
5.10
4.51
5.12
4.82
4.91
4.97
4.81
5.10
4.95
4.55
4.69
4.79
4.43
4.94
4.63
4.69
4.61
4.35
4.54
3.84
3.93
4.10
4.34
4.34
4.17
4.05
4.03
4.02
4.10
3.98
3.59
3.77
3.65
3.78
3.28
3.76
3.55
3.54
