-0.29
-0.03
-0.09
-0.07
0.18
0.37
0.05
-0.20
-0.20
0.03
2.35
22.53
21.95
31.18
57.16
46.25
20.62
9.95
6.56
7.58
10.44
14.09
17.23
17.24
16.35
13.55
12.67
8.64
7.49
7.96
6.78
8.32
7.75
9.56
9.59
10.17
9.47
9.73
9.54
9.59
9.92
9.09
8.35
9.57
8.32
8.22
8.45
9.02
8.88
7.62
8.15
7.36
7.50
7.31
8.12
6.94
6.60
7.15
7.06
7.11
6.84
6.44
7.00
7.37
6.42
6.34
6.40
6.06
5.63
6.15
6.15
6.79
6.63
5.57
6.16
5.21
5.92
6.09
6.04
6.08
5.51
5.60
5.65
5.70
5.39
4.82
5.46
5.78
5.64
5.01
4.66
5.94
5.18
4.59
4.94
5.65
5.24
4.76
5.21
4.21
5.06
5.20
5.17
4.55
4.88
5.11
5.03
4.87
4.32
4.26
5.00
4.77
4.54
4.94
3.83
4.56
4.38
4.35
4.05
4.38
4.34
4.55
4.80
4.16
3.90
4.62
4.63
3.70
4.20
4.23
4.77
4.39
4.05
3.63
3.83
4.33
3.83
4.04
3.88
3.61
4.00
3.97
4.28
4.03
4.15
3.45
4.07
3.37
4.01
3.85
