0.05
-0.09
0.16
0.26
0.35
-0.25
-0.49
0.00
0.09
0.17
-0.23
-0.14
1.07
3.38
10.95
16.15
17.61
17.31
13.70
10.28
7.46
5.15
4.31
4.10
5.95
5.94
5.57
5.21
4.10
4.28
4.48
4.34
4.30
4.62
4.63
4.92
4.32
4.47
4.73
4.73
4.65
5.38
4.92
5.31
5.70
4.47
4.86
4.30
4.72
4.61
4.21
4.75
4.06
3.95
3.92
3.92
4.30
3.75
3.91
3.92
3.96
3.55
3.77
3.85
3.54
3.84
3.87
4.16
4.39
3.56
3.73
3.26
2.81
3.21
3.46
3.87
3.21
3.37
2.91
3.64
3.29
3.66
3.36
3.54
2.89
2.77
3.67
2.93
2.89
3.04
2.77
3.01
3.29
2.32
2.88
2.26
2.99
2.35
3.68
3.02
2.63
2.75
2.55
2.94
2.53
2.60
2.63
2.93
2.55
2.33
2.20
3.20
2.46
2.90
3.02
2.43
2.87
2.50
2.90
2.60
3.12
2.52
3.02
3.23
2.48
3.05
2.56
2.19
3.02
2.38
2.53
2.93
2.10
2.65
1.76
2.55
2.36
2.42
2.42
2.96
2.23
1.98
1.99
1.93
2.83
2.31
2.35
2.55
2.39
1.91
