-0.11
-0.22
-0.08
0.00
-0.13
0.15
0.04
0.17
0.04
0.03
0.63
5.87
13.92
17.30
20.59
21.68
18.86
16.12
13.26
10.88
10.37
10.95
10.90
10.93
10.44
10.36
9.62
8.90
8.03
8.12
7.13
7.95
7.27
6.76
7.18
7.34
7.74
6.55
7.28
7.66
7.21
7.36
6.98
7.05
7.22
7.50
7.77
7.48
7.30
6.71
6.72
6.85
5.98
6.68
6.47
6.13
6.36
5.83
6.69
6.45
6.35
6.21
6.72
6.96
6.84
6.09
6.09
5.52
5.62
5.95
5.96
5.64
5.36
5.88
5.72
5.31
5.50
6.11
5.96
6.00
5.54
5.66
5.29
5.89
6.15
5.51
5.78
6.01
5.67
5.51
5.52
5.76
5.37
5.58
5.41
5.04
5.34
4.79
5.29
4.85
4.60
5.78
4.91
5.28
5.33
4.89
4.91
4.64
5.54
5.25
5.36
5.02
5.37
4.92
5.22
3.74
5.03
4.52
4.96
4.59
4.58
4.67
5.12
4.84
4.82
4.94
4.79
5.03
4.74
5.16
4.39
4.50
4.66
4.48
5.16
5.06
5.00
5.05
4.37
4.11
4.48
4.53
4.51
4.10
4.76
4.34
4.74
4.31
4.02
4.90
