0.23
-0.27
-0.07
-0.19
0.24
0.07
0.10
-0.29
0.58
0.12
-0.07
-0.18
-0.40
1.29
16.36
32.08
39.19
49.69
43.45
39.19
27.01
22.82
16.21
10.92
9.03
6.89
5.34
7.49
7.64
8.48
8.24
8.80
9.62
8.11
7.24
6.09
5.55
5.17
4.50
4.43
4.07
3.86
5.42
4.41
4.72
5.07
5.53
5.88
5.66
4.68
4.76
4.74
4.83
5.76
4.73
5.39
5.20
4.71
5.19
4.70
4.52
4.64
4.75
5.08
4.30
4.88
4.50
4.90
4.54
4.12
4.33
4.24
4.51
3.76
3.11
4.21
3.75
3.80
3.46
3.68
3.62
3.46
3.68
3.64
3.46
3.35
3.70
3.52
3.14
3.62
2.87
3.46
3.62
2.93
3.39
3.05
3.45
2.90
2.88
3.00
3.30
3.76
3.25
3.20
3.38
3.21
3.15
2.68
2.91
3.06
3.51
3.35
2.55
3.64
2.83
3.18
2.60
2.58
3.52
2.93
3.60
2.88
2.78
2.76
2.79
3.29
2.71
2.93
3.26
2.54
2.29
2.15
2.24
2.84
2.95
2.74
2.17
2.62
2.52
2.72
2.58
2.59
3.31
2.34
2.76
2.60
1.77
2.56
2.15
2.50
