0.03
-0.02
0.11
-0.01
-0.23
0.25
-0.09
-0.04
0.14
-0.09
0.41
5.17
33.93
39.77
43.80
44.98
25.49
13.68
7.77
5.18
5.49
7.31
8.86
9.68
9.16
9.24
7.95
7.25
6.99
8.25
8.87
10.04
10.88
10.53
11.21
10.91
9.91
9.52
9.02
9.37
9.48
9.17
8.92
8.27
8.84
8.72
8.11
8.74
7.55
8.74
8.16
7.67
7.47
8.45
8.36
7.34
8.71
8.26
8.16
7.58
7.79
8.31
7.14
7.80
6.88
7.32
6.91
7.16
7.00
6.68
6.66
7.05
6.33
6.98
6.53
6.20
5.78
6.20
6.44
5.80
6.33
6.14
6.55
6.44
5.84
6.38
5.92
6.54
6.45
5.93
5.37
5.96
5.66
5.76
5.38
5.67
5.58
5.62
6.00
5.78
5.32
5.94
5.70
5.52
5.64
5.69
6.06
5.11
5.11
5.63
5.22
5.73
5.59
5.40
4.49
5.19
4.65
4.74
5.06
5.27
5.09
4.88
4.62
5.22
4.68
5.06
5.06
5.26
5.20
4.97
4.85
5.14
4.67
5.30
4.85
5.30
5.12
4.31
3.91
4.33
4.36
4.68
4.64
4.58
4.71
4.44
4.19
4.21
4.41
4.28
