0.29
-0.56
0.17
-0.13
0.02
0.45
-0.29
0.35
5.32
70.53
31.67
28.02
20.33
6.10
6.48
9.58
13.39
14.95
10.52
7.32
5.08
5.91
6.97
6.76
5.81
5.35
6.14
5.48
4.94
6.56
5.89
5.84
5.68
5.68
5.62
5.29
5.45
4.96
5.46
5.82
4.54
6.21
4.44
4.59
4.30
4.43
4.47
3.54
4.93
4.48
4.05
3.96
3.72
4.52
3.89
3.90
3.94
2.89
3.81
3.49
4.15
3.49
4.43
4.15
2.62
3.76
2.33
3.39
3.57
3.84
3.59
3.38
3.38
3.29
3.34
3.57
2.86
3.98
3.28
3.38
3.46
3.00
4.28
1.65
2.57
2.85
3.46
3.06
3.20
3.81
2.88
2.17
2.81
2.05
3.56
2.61
4.07
3.72
3.71
2.98
