0.19
-0.05
-0.12
0.06
-0.17
0.19
-0.12
0.04
0.06
0.12
0.38
6.00
29.13
34.53
38.87
30.63
24.71
17.71
12.75
9.92
8.26
7.84
8.69
8.21
9.89
9.72
8.82
9.76
7.65
7.26
6.46
7.38
6.92
6.28
6.76
6.29
7.11
6.24
6.30
6.08
6.04
5.93
5.32
6.08
6.28
5.40
5.66
5.66
5.43
5.51
5.18
5.71
5.41
4.87
5.18
5.01
4.86
4.45
4.37
4.77
4.56
4.20
4.58
4.54
4.73
4.98
5.06
4.43
4.72
5.06
4.68
4.03
4.38
4.11
4.50
4.29
4.26
4.27
4.26
4.69
4.36
4.33
4.55
4.27
4.18
3.80
4.29
3.90
3.96
4.28
3.57
4.05
3.70
3.85
3.86
3.36
3.75
3.60
3.18
3.46
3.44
3.59
3.48
3.43
3.66
3.54
3.93
3.31
4.04
3.76
3.61
3.62
3.54
3.69
3.40
3.14
3.53
3.15
3.53
3.39
3.80
3.37
3.55
3.37
3.40
3.41
3.04
3.84
3.43
3.76
3.11
2.88
2.87
3.01
3.09
3.13
2.81
3.17
2.81
3.22
3.09
2.91
3.07
3.22
3.67
3.35
3.50
3.37
3.07
3.10
