-0.15
-0.06
-0.49
0.36
-0.48
0.39
0.01
0.13
0.16
2.71
15.41
22.95
24.77
18.58
11.14
6.27
5.84
5.34
5.62
6.19
5.75
4.79
5.51
4.98
5.01
5.15
4.96
6.06
5.12
6.37
5.64
6.19
5.36
6.11
5.22
4.99
5.71
5.54
6.08
5.08
5.84
5.62
5.20
5.19
5.09
3.74
5.19
4.21
4.68
4.49
4.13
4.97
3.71
5.56
4.31
5.46
4.35
5.63
5.13
3.96
5.27
4.33
5.57
4.02
5.04
4.34
5.01
4.77
4.77
3.20
4.97
3.90
4.75
4.25
4.23
5.75
3.97
5.65
4.24
5.75
4.59
5.00
4.95
4.55
5.10
4.88
5.09
4.21
4.78
4.33
3.82
3.73
3.93
3.13
4.69
3.91
4.19
3.76
3.07
5.03
3.55
4.93
3.63
4.58
4.30
5.40
4.48
3.88
4.99
4.96
5.57
4.69
4.95
4.84
4.46
4.40
3.95
3.43
4.99
3.76
3.47
4.04
3.04
3.63
2.40
3.82
3.88
4.12
3.83
4.41
4.21
3.62
4.17
4.64
5.10
4.18
4.59
4.53
4.60
3.36
4.30
3.23
4.46
3.61
3.73
3.23
2.62
3.76
2.60
3.89
