0.37
0.14
0.39
-0.14
-0.06
0.44
-0.27
-0.06
-0.41
1.42
22.48
33.46
36.97
42.19
30.24
12.92
7.75
7.29
6.97
8.15
10.66
9.27
8.05
6.98
6.20
5.81
6.33
6.84
6.78
6.94
6.45
7.46
6.53
7.03
8.29
6.74
6.39
6.18
6.78
6.05
5.55
6.51
5.55
5.90
5.46
6.56
5.19
5.00
5.96
5.45
6.31
5.13
6.42
5.62
5.09
5.51
4.88
4.83
5.50
4.45
5.87
4.91
5.83
4.56
4.59
5.29
3.79
4.74
4.35
5.12
3.78
4.26
5.24
4.10
5.44
4.18
4.41
4.43
4.16
5.29
4.01
4.50
4.09
4.08
4.04
3.55
4.20
4.03
3.92
4.68
3.93
4.24
4.59
4.49
4.22
4.36
4.79
3.38
4.18
3.47
3.88
4.19
2.99
4.21
3.25
4.11
4.10
3.81
4.09
3.49
4.29
3.66
3.50
4.45
3.55
4.16
3.98
3.90
3.55
3.03
4.05
2.99
3.97
3.57
4.11
4.08
3.44
3.83
3.75
3.64
3.93
3.38
3.27
3.50
4.33
3.93
3.15
3.82
2.97
4.16
3.79
4.00
3.76
4.17
3.78
3.05
3.79
3.18
3.70
3.52
