0.11
-0.04
-0.12
0.18
-0.13
0.10
-0.12
0.13
-0.04
-0.02
0.05
-0.13
3.70
8.59
14.52
19.30
19.61
19.17
15.39
11.42
9.24
6.77
6.97
5.87
6.85
7.92
8.29
9.45
8.57
8.64
7.34
7.22
6.49
5.74
6.01
5.52
5.94
5.88
6.14
6.66
5.59
6.60
6.41
6.06
6.63
6.01
6.79
5.57
6.13
5.83
5.81
6.26
5.29
6.05
5.14
5.65
5.50
5.25
5.63
4.72
5.23
5.11
5.38
5.45
4.51
5.65
4.77
4.75
5.21
4.54
5.58
4.40
4.82
5.02
4.65
5.30
4.22
4.78
3.98
4.71
4.44
4.16
4.82
3.83
4.67
4.10
4.34
4.54
3.66
4.65
3.89
4.02
4.37
4.00
4.78
3.57
3.99
4.05
3.85
4.34
3.57
4.22
3.18
4.03
3.59
3.77
4.18
3.41
4.48
3.50
4.07
3.89
3.43
4.43
3.63
4.05
4.00
3.79
4.31
3.11
3.90
3.20
3.52
3.79
3.19
4.04
2.78
3.88
3.10
3.34
3.58
3.00
4.08
3.28
3.68
3.45
3.78
4.51
3.19
3.99
3.72
3.79
3.99
3.26
3.73
3.00
3.51
3.56
3.27
3.79
