0.05
-0.18
-0.08
-0.03
0.22
-0.11
0.10
0.04
1.59
33.60
37.38
42.19
22.39
13.30
5.22
4.44
6.01
7.82
10.52
10.52
8.90
7.58
5.61
5.09
4.93
4.75
5.75
5.47
5.22
4.96
4.73
6.11
5.23
5.16
5.25
5.17
4.86
4.74
4.16
4.67
4.61
5.16
4.13
4.19
3.64
4.19
5.03
4.37
4.44
4.21
3.92
3.73
3.71
4.14
3.19
3.25
3.71
3.29
3.36
3.58
3.15
3.12
2.88
3.32
3.34
3.43
3.57
3.42
3.49
3.13
3.26
3.09
3.14
3.16
2.96
3.09
3.10
3.44
3.40
2.93
3.03
2.78
2.64
2.68
2.78
2.77
2.62
2.86
2.66
2.95
2.79
2.95
3.04
2.80
2.76
2.72
2.86
2.68
2.55
2.75
