0.05
-0.55
-0.02
0.13
0.11
-0.25
-0.29
0.23
0.09
0.57
-0.21
5.06
25.30
26.19
28.07
27.71
17.79
10.12
6.63
5.05
5.02
6.94
9.24
10.17
9.60
7.56
6.52
5.47
4.87
4.91
4.57
4.54
5.45
5.92
5.09
6.16
5.59
5.60
5.34
5.44
5.29
4.94
5.19
5.87
5.13
4.65
5.86
4.76
4.71
4.11
4.14
4.75
4.23
4.32
3.64
4.11
4.34
4.47
3.95
3.95
4.19
4.15
4.20
4.26
4.15
3.70
3.86
4.51
3.98
3.66
4.43
3.83
3.78
3.62
3.63
3.79
3.32
3.66
3.34
3.39
3.69
3.69
3.20
3.04
3.44
3.62
2.96
3.47
3.21
3.27
3.53
3.67
3.22
3.00
2.97
3.46
3.75
2.97
3.34
2.78
3.44
3.64
2.59
2.88
3.02
2.99
2.81
3.07
3.22
3.31
2.82
3.31
3.13
3.23
3.21
3.45
3.68
2.73
3.53
3.42
3.98
2.90
3.62
3.11
3.02
3.13
3.24
2.71
2.69
3.05
2.66
2.69
3.27
2.69
2.88
3.02
2.53
2.70
2.69
3.08
2.53
2.71
3.33
2.79
2.87
2.68
3.17
2.70
2.87
3.18
