-0.28
0.13
0.12
0.04
0.08
-0.37
0.27
0.08
-0.32
0.66
13.79
52.53
57.24
33.29
13.21
8.09
4.75
3.87
5.59
8.56
10.80
10.30
9.84
8.77
6.88
6.06
6.07
6.40
6.60
5.65
6.25
5.58
6.15
5.73
5.37
5.98
5.58
5.31
5.79
5.55
4.98
4.98
5.74
5.16
5.63
4.66
4.97
5.70
4.59
5.48
5.06
5.54
5.50
4.42
5.33
4.50
4.79
4.58
4.45
4.50
4.50
4.60
4.55
4.43
3.76
3.48
4.42
4.17
4.32
3.67
4.01
5.17
4.22
4.45
3.60
4.45
4.83
3.48
4.58
3.57
3.68
3.86
3.88
3.83
3.37
3.67
3.81
3.51
3.56
3.60
3.60
3.43
3.59
3.50
3.52
4.46
3.34
3.65
3.26
3.50
3.73
3.28
4.10
3.86
3.54
3.19
3.09
3.53
2.92
3.02
3.11
3.08
3.17
3.31
2.81
3.13
3.38
3.10
3.72
4.20
2.84
3.53
2.72
3.06
3.25
2.81
3.60
2.89
3.48
3.08
2.22
2.92
2.51
3.08
2.85
3.03
2.63
2.90
3.32
2.97
3.05
2.51
3.04
3.69
2.81
3.40
2.71
2.85
3.19
3.09
