-0.04
-0.04
0.03
0.02
-0.02
-0.10
-0.04
0.15
2.89
16.81
38.47
11.39
5.51
3.20
4.20
6.24
6.78
5.55
3.74
3.34
2.91
2.90
3.16
3.34
3.12
2.96
3.20
3.20
3.24
3.15
2.73
2.93
2.36
2.71
2.38
2.55
2.65
2.27
2.87
2.61
2.71
2.64
2.42
2.48
2.06
2.33
2.56
2.47
2.69
2.64
2.42
2.61
2.35
2.28
2.26
2.19
1.85
2.05
1.85
1.80
2.11
1.76
2.29
1.95
2.10
2.38
2.11
1.79
2.02
2.22
2.05
1.97
2.01
1.84
1.81
2.05
1.85
1.89
2.19
2.15
2.33
2.30
2.16
2.31
2.05
2.04
1.75
1.74
1.35
1.35
1.33
1.57
2.08
1.83
2.04
2.65
2.32
2.08
1.90
1.50
