0.32
0.07
-0.21
0.33
-0.02
0.07
0.12
-0.07
0.02
-0.28
1.51
17.00
85.81
93.49
52.05
28.21
16.15
8.94
5.89
6.50
8.43
12.85
12.64
12.32
11.03
9.31
8.57
7.49
7.22
7.31
7.87
7.13
7.94
7.68
7.49
7.13
6.75
7.03
6.54
6.87
7.05
7.06
6.85
6.91
6.71
7.15
5.86
5.63
5.93
6.05
6.19
5.79
5.49
5.47
6.05
5.56
5.77
5.57
5.24
5.03
5.24
5.43
4.58
5.03
5.14
5.15
5.15
5.38
5.22
5.42
4.35
4.86
4.68
4.51
4.19
4.44
4.49
4.84
4.82
4.35
4.65
4.33
5.03
4.00
3.73
4.08
4.51
3.94
4.51
4.14
4.59
4.49
3.93
4.77
3.80
3.75
3.63
3.45
4.07
3.68
3.93
4.19
4.24
4.24
3.61
3.91
3.87
3.75
3.84
3.75
3.98
3.87
3.73
4.07
3.72
3.84
3.47
4.19
3.40
3.23
3.35
3.10
3.59
3.44
3.45
4.03
3.96
3.38
3.42
3.30
3.14
3.24
3.72
3.86
3.75
3.79
3.61
3.37
3.31
3.24
3.45
3.87
3.16
3.02
3.96
3.23
3.31
3.00
3.63
3.40
