0.75
0.02
0.05
-0.63
-0.11
0.43
0.02
0.53
-0.04
0.46
-0.27
-0.40
1.24
11.48
26.64
31.56
31.33
33.69
30.43
22.97
16.98
12.78
9.58
7.82
7.79
7.14
9.69
9.33
10.34
10.11
8.36
9.26
8.22
9.24
7.25
9.55
9.36
9.02
10.04
8.30
9.77
8.31
8.53
8.23
8.16
9.86
9.31
9.01
8.38
7.73
8.59
7.80
8.54
7.66
7.68
8.07
7.20
7.55
6.45
7.19
7.40
6.48
7.35
6.66
7.12
6.31
7.17
6.92
6.65
7.79
7.43
7.30
6.42
7.12
6.99
5.79
6.75
7.22
5.99
6.37
6.56
6.14
5.02
6.20
6.55
5.92
6.12
5.21
5.84
5.46
5.61
5.78
5.87
6.34
5.81
5.88
6.61
5.92
6.19
6.15
6.22
6.81
6.03
4.95
4.58
5.33
4.65
5.11
4.88
4.74
5.36
4.62
5.74
5.22
4.96
5.63
5.17
6.39
6.63
5.44
5.86
4.89
5.47
4.50
4.95
5.47
5.12
5.77
3.72
5.09
4.06
4.68
4.36
4.64
4.74
4.25
5.05
4.08
4.73
4.53
5.01
4.74
5.37
4.81
5.64
4.46
5.42
4.99
4.67
5.68
