-0.38
0.42
-0.14
0.32
-0.03
0.01
-0.85
0.05
0.45
-0.19
-0.04
0.41
7.31
30.13
44.28
49.04
50.22
49.09
36.00
24.98
14.39
9.02
5.20
5.95
5.20
6.69
7.02
8.18
7.59
8.33
8.01
6.66
6.33
5.96
5.79
4.79
5.02
4.81
5.58
2.73
4.43
5.42
5.66
5.32
4.91
4.45
4.67
5.10
4.97
4.88
4.51
3.93
4.59
3.55
3.63
5.38
5.13
5.38
4.52
3.84
4.31
4.33
4.64
4.78
4.45
3.51
4.34
4.69
4.74
4.13
4.68
4.14
3.93
4.20
3.47
3.28
3.23
3.63
3.50
4.31
3.40
3.46
4.08
2.54
4.60
3.55
5.25
4.45
4.18
3.68
3.55
3.69
3.06
3.35
3.43
2.76
2.33
2.81
2.22
3.05
3.56
3.08
3.17
3.99
3.00
2.52
3.08
2.17
3.00
2.36
3.31
2.95
2.96
3.35
2.94
2.70
2.96
3.17
2.63
2.46
2.32
2.96
2.56
3.29
3.38
2.27
2.41
2.74
3.36
3.55
3.72
2.95
3.08
2.17
3.08
2.32
2.03
3.14
3.32
2.27
3.08
2.40
2.96
2.61
2.13
3.43
2.99
2.29
2.44
2.91
