0.19
-0.06
-0.10
0.03
-0.13
0.24
0.05
-0.23
0.32
-0.11
0.41
6.73
32.53
27.40
51.71
36.65
16.54
9.63
5.29
5.68
8.17
11.02
12.25
12.05
12.48
8.90
7.78
6.02
5.54
6.18
5.21
6.63
6.29
7.20
7.86
5.91
6.87
5.68
7.12
6.19
5.53
6.40
4.94
5.64
5.47
5.98
5.05
4.29
5.75
5.09
5.68
4.81
4.33
5.66
4.91
5.51
4.95
5.31
5.24
4.53
4.80
4.16
5.31
4.80
4.55
5.24
4.67
5.20
4.69
4.48
4.78
4.08
5.04
4.68
3.95
3.90
3.96
4.28
3.69
4.72
4.02
3.90
4.80
3.38
4.12
4.01
4.89
4.35
3.68
3.81
3.13
3.67
3.32
4.25
3.65
2.93
4.26
3.34
3.23
3.46
3.72
4.05
3.50
4.02
3.20
3.81
4.29
3.77
3.59
3.49
3.81
3.51
3.35
3.40
3.21
3.49
3.16
3.43
3.32
3.11
3.77
2.93
3.13
2.81
3.61
2.92
3.43
3.25
3.34
3.32
3.27
3.43
3.37
3.09
3.62
3.72
3.50
3.10
3.06
3.18
2.84
3.20
2.88
2.35
3.76
2.95
2.88
2.16
2.59
2.99
