1.36
0.78
-0.99
-1.78
0.21
-0.25
0.32
-0.65
0.89
0.21
-0.03
-1.10
0.43
31.29
84.46
98.81
90.04
70.27
47.33
29.67
16.92
11.78
3.70
4.17
2.93
3.70
4.89
3.46
7.69
6.16
7.87
4.11
6.34
4.11
3.63
6.04
4.65
5.73
2.29
3.05
5.37
7.99
8.30
6.16
7.19
7.26
4.06
6.40
4.42
4.35
5.49
5.31
5.19
2.69
2.58
6.40
5.37
4.11
4.35
6.65
2.52
5.07
3.81
3.40
3.70
7.56
6.28
3.70
3.05
4.29
3.40
4.35
2.52
2.87
5.01
2.22
6.04
0.32
2.52
5.98
1.76
2.93
5.31
2.93
1.30
2.75
1.47
2.64
2.34
5.61
5.31
2.75
2.82
2.87
2.98
3.81
4.17
2.93
2.93
2.64
4.42
2.00
1.94
2.82
1.36
2.82
3.63
3.94
4.42
4.89
1.18
3.05
2.17
4.17
3.76
5.25
1.76
3.46
2.69
2.93
3.11
2.11
2.29
1.65
5.73
1.24
2.46
2.11
1.01
2.58
5.19
4.11
3.05
1.30
2.46
1.24
2.17
3.05
2.82
5.49
1.87
3.29
2.00
5.73
1.06
1.87
4.11
4.29
2.11
3.22
