-0.01
0.10
0.03
0.00
-0.20
0.08
-0.06
0.08
1.08
30.63
48.13
38.05
22.53
10.27
5.45
4.83
6.66
8.65
8.11
7.26
5.93
5.22
4.69
5.13
5.53
5.86
5.93
5.51
5.55
5.11
4.94
4.93
5.11
5.05
5.13
4.82
4.62
5.05
4.92
4.83
4.56
4.69
4.51
4.17
4.12
4.00
4.33
4.47
4.94
4.45
4.85
4.12
4.38
3.97
4.07
4.42
4.11
3.82
3.84
3.53
3.63
3.51
3.56
3.55
3.77
3.58
3.73
3.52
2.93
3.29
3.07
3.10
3.12
3.20
3.51
3.39
3.50
3.39
3.27
3.54
3.33
2.86
3.11
2.79
3.36
2.84
3.98
3.34
3.60
3.11
3.19
3.24
3.35
3.33
3.08
3.28
3.32
3.29
3.11
3.15
