0.39
-0.08
-0.38
0.21
-0.03
0.11
-0.38
0.08
-0.01
0.27
0.10
0.12
2.10
13.40
24.15
29.28
31.40
30.81
25.34
20.47
14.83
10.52
7.69
5.95
5.16
5.39
4.33
5.38
5.78
6.10
6.66
6.86
6.42
6.00
4.98
4.75
4.61
4.17
4.40
4.58
4.88
4.38
4.42
4.40
4.42
4.48
5.14
4.86
4.33
4.50
3.85
4.43
4.39
4.58
4.78
4.71
4.55
4.34
4.10
4.12
4.43
3.74
4.33
3.88
4.16
4.04
3.79
3.70
3.47
3.57
3.83
4.74
3.33
3.64
4.11
4.08
3.26
3.77
3.32
4.23
4.00
3.95
3.52
3.77
3.37
3.49
3.91
4.00
3.40
3.35
3.44
3.11
2.77
3.22
3.42
3.23
2.63
3.37
3.35
3.58
2.92
3.46
3.05
2.93
3.12
3.31
3.16
2.84
2.89
3.66
3.37
2.88
2.89
2.92
2.87
3.10
3.00
2.69
2.86
2.48
3.09
2.61
3.45
2.64
2.31
2.88
3.37
3.20
3.13
3.27
3.17
2.90
2.47
2.74
3.12
3.20
2.73
2.83
3.04
2.37
2.29
2.33
3.02
2.84
2.64
2.19
2.48
2.65
2.73
2.56
