-0.08
0.20
-0.08
0.02
0.01
-0.20
0.01
0.03
0.60
18.14
28.44
30.97
29.60
21.27
13.48
8.88
7.81
8.81
11.45
10.80
10.01
8.52
6.19
7.12
5.61
6.55
5.62
5.97
7.17
6.34
7.42
6.93
7.08
7.23
6.89
7.28
5.91
6.55
6.06
5.51
5.63
5.13
6.49
5.29
5.72
5.09
5.59
5.79
5.44
5.47
5.16
5.77
5.23
4.23
5.10
4.28
5.05
4.94
4.33
5.33
4.66
5.75
4.81
4.91
4.81
4.69
4.80
4.63
4.88
4.47
4.47
4.60
3.93
4.39
4.06
4.44
4.20
4.10
4.33
3.67
4.19
4.55
3.97
4.28
3.49
4.50
4.06
3.40
4.07
3.70
4.62
3.65
3.72
3.37
3.46
3.62
3.64
3.93
3.35
4.01
