-0.01
-0.04
0.01
0.03
-0.13
-0.13
-0.07
0.18
0.03
0.08
0.05
-0.05
0.68
3.34
9.91
15.91
17.56
15.41
12.19
8.59
6.43
5.39
5.02
5.58
5.36
5.57
5.46
5.33
5.09
4.90
4.95
4.80
4.82
4.91
4.82
4.94
5.46
5.18
5.55
5.14
5.40
5.15
5.05
5.02
4.93
5.20
5.24
5.28
4.89
5.01
4.92
4.92
4.97
4.62
4.66
4.72
4.82
4.79
4.50
4.29
4.73
4.49
4.84
4.66
4.57
4.45
4.49
4.52
4.29
4.15
4.00
4.63
4.51
4.73
4.30
4.18
4.46
4.29
4.51
4.40
4.46
4.47
4.23
4.45
4.24
4.27
4.57
4.25
4.47
4.33
4.02
4.00
4.02
4.03
4.33
4.31
4.20
3.96
4.04
4.03
4.22
3.90
3.97
4.08
4.28
4.24
4.11
3.81
3.69
3.88
4.05
4.21
3.91
3.75
3.94
3.95
3.82
3.98
3.97
4.00
3.91
3.98
3.93
3.95
3.83
3.62
3.85
4.10
4.03
3.89
3.65
3.68
3.66
3.72
3.90
3.94
3.81
3.59
3.78
3.70
3.81
3.67
3.72
4.17
3.81
3.76
3.53
3.50
3.71
3.55
