0.24
0.48
-0.18
-0.60
0.15
-0.36
0.06
0.40
0.09
-0.22
0.73
31.77
56.16
49.26
47.18
32.14
17.48
9.88
5.82
5.09
5.30
5.50
6.24
6.04
5.91
5.25
5.10
5.22
5.31
4.52
4.78
5.92
5.69
5.56
5.25
5.56
4.51
4.99
4.80
4.84
4.94
4.61
5.04
4.45
4.09
4.44
3.87
4.22
4.52
4.73
4.09
3.86
3.63
3.00
3.41
3.86
4.02
3.43
3.41
3.88
2.89
3.06
2.10
3.85
3.10
2.93
3.35
2.13
3.17
3.46
2.48
2.68
3.01
3.50
3.28
2.91
2.96
2.35
2.59
2.76
2.56
2.07
2.71
2.92
2.61
2.80
2.05
3.00
2.48
3.11
2.89
2.95
2.69
3.41
2.12
2.87
1.78
1.66
2.02
2.24
2.01
1.70
2.77
2.45
2.27
2.16
2.43
2.83
2.18
3.04
2.06
2.52
3.04
2.63
2.70
1.87
1.94
2.73
2.05
2.12
1.72
1.78
2.23
2.57
2.38
2.04
2.13
2.06
2.77
2.47
2.69
1.86
1.65
2.22
2.36
2.79
2.57
1.74
2.20
1.90
2.18
2.18
2.35
3.54
2.26
2.15
2.19
1.83
2.53
1.90
