-0.13
0.14
0.00
0.31
0.14
-0.20
-0.34
0.29
-0.13
-0.07
0.21
4.49
6.51
19.60
22.16
22.90
20.80
16.04
11.08
7.18
6.13
5.69
6.71
7.70
8.92
8.43
8.30
6.92
6.45
6.11
6.02
5.39
5.60
6.11
6.28
6.36
6.53
6.22
5.96
6.49
6.71
6.81
6.43
6.53
5.86
5.91
6.43
6.23
6.73
6.23
5.91
6.15
6.40
6.13
6.11
5.22
6.00
5.41
4.74
4.83
5.16
4.89
4.91
4.76
5.35
4.99
4.62
4.99
5.25
5.77
4.43
4.70
5.11
5.54
5.26
5.25
5.35
5.14
5.07
5.02
5.11
5.20
4.78
5.06
5.41
5.02
4.31
5.02
5.39
5.14
4.95
4.95
4.64
4.56
4.83
5.06
5.33
4.87
4.83
5.25
4.91
4.93
5.16
4.68
4.33
4.17
4.54
4.39
4.33
4.76
4.68
4.51
4.68
4.35
4.49
4.56
4.56
4.41
5.03
4.56
4.29
4.56
4.78
4.91
4.99
4.68
4.64
4.78
4.58
4.17
5.14
4.17
4.17
4.06
4.23
4.51
4.41
5.22
4.72
4.54
4.66
4.97
4.83
4.80
4.54
4.72
4.54
4.91
4.95
4.58
