-0.27
-0.14
0.19
0.36
0.12
-0.06
-0.12
-0.20
-0.15
0.14
2.46
23.51
29.85
27.93
23.14
13.08
7.53
4.35
4.30
5.35
6.76
8.24
7.82
7.34
5.91
5.61
4.58
4.55
4.27
5.08
4.85
4.41
5.01
4.15
5.63
4.97
4.62
4.09
4.89
5.59
4.61
5.27
4.59
4.89
4.51
3.87
4.17
3.80
3.62
4.16
4.14
4.29
3.63
3.87
3.82
3.39
3.99
3.70
4.78
3.85
3.77
4.07
3.31
3.25
3.16
3.95
3.67
4.04
3.27
3.51
3.43
3.26
2.88
3.38
2.91
3.92
3.34
2.82
2.62
3.30
3.41
2.75
4.56
3.34
3.73
3.26
3.47
3.15
2.81
3.50
3.49
3.20
2.68
3.00
2.54
2.43
2.61
3.20
3.02
3.39
2.48
2.93
2.43
2.57
2.52
2.10
3.30
2.56
3.15
2.59
3.06
2.83
2.25
3.22
3.20
2.82
3.26
2.60
2.40
2.46
2.71
2.41
2.41
2.79
2.29
2.57
2.05
2.34
2.91
2.72
2.78
2.93
2.97
2.71
2.55
2.58
2.62
2.84
2.99
2.07
2.52
2.41
2.36
2.13
2.11
2.52
1.84
2.78
2.16
2.14
