-0.05
0.09
0.10
0.02
-0.01
-0.04
-0.06
-0.09
-0.13
0.11
0.02
1.38
14.85
44.83
52.00
56.02
37.33
23.42
16.20
11.72
9.01
7.27
6.11
5.98
6.87
8.28
9.87
10.67
10.95
10.42
10.11
9.09
9.22
8.56
8.01
7.62
7.07
7.39
6.86
7.28
7.30
7.46
7.23
7.38
7.21
7.08
7.06
7.02
6.79
6.79
6.60
6.50
6.52
6.29
6.11
5.96
5.93
5.81
6.16
5.57
5.76
5.15
5.21
5.41
4.90
5.53
5.19
5.17
5.05
5.19
5.26
5.43
5.30
5.31
5.32
5.40
5.04
5.14
5.00
4.94
4.79
4.69
4.66
4.36
4.52
4.46
4.80
4.68
4.58
4.84
4.68
4.82
4.79
4.59
4.61
4.67
4.41
4.41
4.15
4.22
4.38
4.28
4.40
4.17
4.46
4.39
4.50
4.20
4.34
3.93
3.90
4.11
3.99
4.10
3.95
4.46
4.20
4.14
4.15
3.82
3.88
3.80
3.88
4.10
4.06
4.19
4.25
3.71
3.93
3.57
3.90
3.67
3.91
3.76
3.46
3.65
3.38
3.59
3.55
3.55
3.64
3.47
3.62
3.55
3.71
3.75
3.69
3.64
3.56
3.58
