0.10
0.11
-0.01
0.03
-0.15
0.08
0.09
-0.01
-0.03
-0.12
0.05
1.52
13.55
53.32
56.55
55.44
39.35
24.15
15.80
11.10
9.17
6.46
5.30
5.61
6.87
7.77
8.77
8.91
8.68
8.68
8.01
6.39
6.62
6.20
6.20
5.86
6.20
5.72
5.97
6.06
5.95
5.96
5.96
5.36
5.70
5.48
5.69
5.59
5.27
5.35
4.85
5.37
4.75
4.96
5.14
4.92
4.54
4.63
4.91
4.52
4.62
4.74
4.45
4.65
4.38
4.62
4.22
3.97
4.41
4.21
4.32
4.36
4.29
4.28
4.19
4.47
4.25
4.05
3.77
3.91
3.68
4.06
4.16
3.94
3.93
3.69
3.80
4.00
3.77
3.76
3.84
3.73
4.08
3.88
3.85
3.63
3.76
3.61
3.57
3.65
3.41
3.70
3.76
3.70
3.60
3.41
3.53
3.26
3.43
3.30
3.61
3.43
3.52
3.58
3.35
3.30
3.71
3.31
3.48
3.29
3.43
3.33
3.29
3.44
3.02
3.29
3.11
3.32
3.13
3.14
3.19
2.98
3.07
3.05
2.95
3.43
3.36
3.26
3.07
3.04
3.64
3.16
3.13
3.18
3.01
3.19
3.25
3.21
3.11
3.18
