0.17
-0.03
-0.15
0.11
0.31
0.16
0.08
-0.21
-0.22
13.49
26.75
55.57
38.34
28.74
15.98
12.19
6.87
5.97
7.35
8.26
9.03
7.81
7.46
6.71
6.18
5.22
5.50
4.77
5.35
5.10
4.98
4.45
5.84
4.92
4.58
5.38
4.42
4.68
4.50
4.34
4.59
4.90
4.27
4.58
4.39
4.29
3.71
4.41
4.03
3.85
4.57
3.97
4.27
3.76
4.10
4.08
4.43
4.28
4.21
4.31
3.53
3.82
3.76
3.21
4.05
3.48
3.43
4.03
3.82
3.94
3.60
3.66
3.53
3.52
3.15
3.54
3.43
3.10
3.39
2.92
3.61
3.45
3.60
3.49
3.10
3.36
3.59
2.80
3.79
2.97
3.17
3.34
2.92
3.07
2.91
2.98
2.75
2.93
3.23
2.80
