-0.01
-0.26
-0.16
0.06
-0.03
-0.01
0.19
0.13
0.07
-0.11
4.14
30.42
40.52
53.11
29.44
23.75
12.13
6.07
3.09
2.49
2.76
3.22
4.28
5.15
5.29
5.13
4.23
3.80
3.34
3.18
3.59
3.66
3.60
3.90
3.88
4.03
3.72
3.96
3.98
3.66
3.66
3.38
3.88
3.58
3.60
3.64
3.22
3.59
3.41
3.61
3.53
3.24
3.53
3.08
3.84
3.10
3.27
3.50
3.46
3.41
3.31
3.17
3.18
2.89
3.41
3.07
3.07
3.13
2.68
2.62
2.94
3.07
3.19
3.16
3.10
3.16
3.02
3.26
2.78
3.40
2.89
2.88
3.06
2.71
3.07
2.74
3.07
2.36
2.73
2.76
2.79
2.83
2.44
2.86
2.59
2.59
2.65
3.14
2.51
2.91
2.68
2.72
2.78
2.55
2.78
2.35
2.93
2.63
2.35
2.38
2.82
2.44
2.64
2.66
2.92
2.39
2.75
2.30
2.79
1.99
2.85
2.39
2.60
2.60
2.39
2.35
2.17
2.92
2.66
2.58
2.38
2.40
2.34
2.61
2.36
2.43
2.08
2.71
2.05
2.54
1.94
2.45
2.13
2.42
1.92
2.26
2.27
2.36
2.24
2.14
