0.49
0.38
-0.18
-0.25
-0.20
0.12
0.14
0.20
0.35
10.56
53.10
26.14
14.07
10.63
4.72
4.58
5.28
7.49
7.43
6.95
6.39
4.09
3.38
3.42
3.08
3.44
3.27
5.38
4.68
4.58
4.77
3.73
4.30
2.96
4.36
3.16
3.86
3.50
4.38
4.55
4.25
5.89
4.64
4.17
3.57
2.79
2.79
2.67
3.65
3.75
3.91
3.99
2.63
3.25
2.53
2.37
3.30
2.57
4.50
3.44
3.82
3.31
2.86
2.25
2.79
2.48
1.67
2.71
2.71
3.35
3.32
2.83
3.15
2.42
3.77
3.31
1.91
2.28
1.81
3.56
3.24
2.95
3.90
3.12
3.49
2.99
1.87
2.50
1.69
2.04
2.29
3.78
3.60
4.08
2.61
2.83
2.64
2.52
2.54
2.36
