-0.07
0.05
-0.03
0.21
-0.06
-0.07
0.05
-0.14
12.10
31.45
39.02
14.84
5.77
3.44
5.94
8.18
8.66
7.57
6.62
6.04
5.16
5.12
5.24
5.40
5.16
5.68
5.50
5.16
5.42
5.26
5.35
5.03
4.53
5.16
4.70
4.74
4.46
4.40
4.30
3.96
4.19
3.99
3.92
3.92
3.68
3.75
3.65
3.76
3.68
3.52
3.80
3.64
3.61
3.33
3.21
3.28
3.15
3.60
3.04
3.28
3.10
2.97
3.20
2.93
3.11
3.08
2.97
2.68
2.97
2.90
2.73
2.94
2.57
2.91
2.68
3.04
2.96
2.55
2.62
2.76
2.54
2.69
2.34
2.60
2.50
2.59
2.52
2.73
2.66
2.61
2.75
2.21
2.65
2.34
2.31
2.61
2.44
2.44
2.24
2.48
