-0.02
-0.07
-0.13
-0.05
0.00
-0.02
-0.02
0.02
-0.10
0.41
16.79
37.12
45.93
34.37
19.61
11.66
8.66
8.83
9.56
10.80
10.38
9.37
7.99
7.55
6.90
5.97
5.84
6.02
6.49
6.19
6.12
5.81
5.54
5.82
5.90
6.13
5.71
5.79
5.44
5.43
5.15
5.52
4.84
5.08
4.83
4.95
4.65
4.78
4.76
4.64
4.43
4.49
4.55
4.42
4.26
4.23
3.96
4.07
4.01
4.32
4.06
3.75
3.99
3.76
3.82
3.94
3.78
3.79
3.61
3.93
3.56
3.65
3.73
3.66
3.61
3.32
3.44
3.29
3.42
3.29
2.93
3.11
3.59
3.29
3.27
3.05
2.93
2.96
2.88
3.22
2.83
3.03
3.07
3.14
3.34
3.03
3.19
3.03
2.88
2.91
