0.18
-0.16
0.07
0.52
-0.20
0.01
-0.09
-0.25
0.03
-0.28
0.38
0.53
6.53
31.81
42.25
36.63
31.38
22.14
14.99
11.11
8.27
6.99
7.25
7.81
8.55
7.66
7.72
7.42
7.20
7.87
6.80
7.01
7.28
7.03
7.37
7.02
7.04
6.59
7.41
5.67
6.02
6.11
5.09
5.78
5.29
5.59
5.65
5.03
5.23
5.32
4.81
5.55
4.47
4.74
4.47
4.93
4.42
4.59
4.45
4.19
4.66
4.29
4.33
4.12
3.84
4.47
4.31
4.08
3.57
3.84
3.98
3.63
4.20
4.00
4.08
3.94
3.87
3.77
3.62
4.17
4.24
3.44
3.75
3.44
3.65
3.58
3.44
3.40
2.98
3.55
3.18
3.61
2.75
3.05
3.69
3.34
3.61
3.32
3.20
3.60
3.49
3.30
3.09
3.56
3.65
3.49
3.44
3.26
3.50
3.32
3.84
2.92
3.02
3.34
2.84
3.67
3.02
2.60
3.24
2.71
3.38
3.05
3.06
3.52
2.93
3.58
3.34
3.13
2.93
2.71
3.14
2.81
2.88
2.55
3.15
2.61
2.90
2.70
2.96
3.06
2.83
2.86
3.11
2.36
3.07
2.19
2.73
3.26
2.64
2.64
