0.25
0.34
0.06
-0.22
-0.02
-0.15
-0.07
0.05
0.14
-0.06
-0.06
0.44
5.59
26.47
32.18
33.42
29.67
28.08
22.77
15.24
12.66
7.56
5.77
4.92
4.91
5.77
6.51
7.20
7.91
6.77
7.75
7.78
7.29
6.42
5.91
5.86
5.47
4.97
5.47
5.08
5.47
5.17
4.78
4.99
5.22
4.97
5.07
4.32
4.93
4.67
4.85
5.66
4.75
4.86
4.93
6.33
5.03
5.09
5.01
4.80
5.15
4.81
4.88
5.07
4.23
4.21
4.49
3.97
4.42
3.70
4.31
4.11
3.88
4.44
4.18
4.51
4.13
4.46
4.60
5.01
4.31
3.66
4.60
3.51
3.88
3.47
3.46
4.30
4.24
3.84
4.83
3.47
4.46
3.34
3.99
3.36
4.04
3.19
3.00
3.92
3.03
3.69
3.05
3.05
2.66
3.45
3.68
2.76
3.85
3.01
3.49
2.51
3.36
2.75
2.74
1.97
2.93
2.58
2.74
2.69
2.66
2.56
2.53
2.72
2.81
2.99
2.70
3.56
2.94
3.10
2.61
2.87
3.54
2.56
3.10
3.17
2.97
3.01
3.03
2.86
2.65
3.08
3.49
2.66
3.03
2.93
2.93
2.88
2.39
2.91
