-0.06
-0.17
-0.22
0.42
-0.16
0.21
-0.12
0.19
0.06
-0.20
1.35
21.14
31.88
38.19
40.20
18.32
8.17
5.13
3.88
4.99
6.93
8.63
9.25
7.80
6.34
5.51
4.91
4.71
4.53
5.05
4.93
5.09
5.28
5.09
5.18
5.14
5.07
5.09
4.68
4.80
4.86
5.05
4.84
4.33
5.01
4.94
4.93
4.34
4.78
4.62
4.08
4.26
4.17
4.40
4.02
4.32
4.15
4.08
4.23
3.77
4.67
4.00
4.06
3.90
3.72
4.71
3.49
3.71
3.57
3.55
3.97
3.39
3.71
3.78
3.49
3.69
3.74
3.71
3.55
3.69
3.43
3.35
3.19
3.30
4.03
3.05
3.57
3.25
2.99
3.83
3.07
3.28
3.46
3.45
3.66
2.95
3.53
3.20
3.24
3.45
3.18
3.04
2.82
3.38
3.06
3.22
3.21
2.72
3.51
2.91
3.18
2.84
2.56
3.47
3.06
3.14
3.03
2.86
3.37
2.42
3.01
2.64
2.99
3.12
3.00
2.84
2.58
2.86
2.56
2.84
3.05
2.89
3.02
2.47
2.80
2.54
2.45
3.15
2.27
2.47
2.68
2.84
3.10
2.44
2.87
2.91
3.17
2.41
2.53
2.56
