0.16
0.11
0.06
0.18
-0.08
-0.12
-0.20
-0.09
0.88
12.36
33.27
42.65
53.11
20.56
10.24
6.68
5.41
7.13
7.80
8.37
8.16
6.79
5.60
5.02
4.93
4.83
5.17
5.70
5.19
5.39
5.56
5.07
5.10
5.32
4.88
5.05
5.06
5.24
4.73
4.49
4.40
4.71
4.92
4.69
4.42
4.28
3.77
4.03
3.91
4.44
4.07
4.11
3.77
2.95
3.59
3.89
3.59
3.39
3.91
3.23
3.88
3.45
3.41
3.61
3.64
3.44
3.88
3.67
3.47
3.30
2.86
2.94
3.25
3.26
3.25
2.91
3.29
3.10
2.79
3.44
3.28
3.01
3.15
2.59
2.93
2.92
3.02
3.28
2.91
2.86
3.10
3.10
3.11
3.07
3.26
2.86
2.84
2.70
2.85
3.03
