-0.07
-0.16
0.17
-0.17
0.29
-0.17
0.26
-0.20
0.10
6.49
49.59
59.54
35.29
13.75
5.63
3.35
4.41
6.07
8.61
8.31
7.28
6.83
6.35
6.68
7.23
8.20
8.18
7.86
7.84
7.46
7.16
7.13
7.02
6.43
6.30
6.33
6.06
6.48
6.25
6.13
6.09
5.52
6.00
5.72
5.68
6.01
4.89
5.71
5.43
5.24
5.60
4.45
5.26
5.01
5.06
5.04
5.36
4.71
4.76
4.98
4.57
4.75
4.72
4.73
4.78
4.46
4.88
4.42
4.24
4.86
3.90
4.65
4.39
4.15
4.81
4.40
4.41
4.10
4.08
3.84
4.50
3.55
3.84
4.50
4.03
4.14
4.01
4.31
4.32
3.69
4.09
4.13
3.83
4.47
3.82
3.85
3.83
3.88
4.34
3.93
3.94
3.93
3.79
3.68
3.88
3.53
3.65
3.80
3.71
3.69
4.13
3.82
3.65
3.35
3.99
3.45
3.59
3.98
3.38
3.36
3.40
3.70
3.67
3.29
3.56
3.38
3.55
3.51
3.56
3.22
3.48
3.70
3.16
3.40
3.17
3.38
3.18
2.93
3.35
3.29
3.26
3.41
3.33
3.57
3.37
3.59
3.43
3.00
3.48
3.08
