-0.08
-0.08
-0.02
-0.16
-0.15
-0.22
-0.31
-0.15
1.19
27.10
27.71
49.60
18.62
15.64
6.57
6.44
8.18
8.50
7.36
6.57
6.36
6.66
6.15
6.09
5.97
6.12
5.89
5.60
5.79
5.57
5.54
5.43
4.88
5.15
5.15
5.81
5.60
5.25
5.19
4.49
4.92
4.66
4.63
4.22
4.51
4.98
4.89
5.16
4.94
4.93
4.55
4.38
4.26
3.87
4.08
4.03
4.23
4.73
4.63
4.91
4.45
4.09
4.16
3.67
3.78
3.66
4.06
4.30
4.38
4.61
3.97
4.17
3.88
4.17
3.86
3.74
3.48
3.39
3.99
4.19
4.08
4.00
3.70
3.95
3.42
3.25
3.46
2.93
3.45
3.58
3.96
4.01
3.86
3.76
3.44
3.49
3.46
3.70
3.11
3.18
