-0.24
-0.21
0.13
0.09
-0.35
-0.09
0.19
0.35
0.33
-0.20
-0.24
2.08
19.84
74.06
73.19
80.05
52.05
46.56
25.51
17.94
12.77
7.80
8.70
7.14
8.41
8.44
10.33
9.57
10.06
8.87
9.06
8.42
6.98
7.31
6.12
6.18
6.71
6.02
6.54
6.54
5.93
7.29
6.76
7.89
5.94
6.56
7.50
7.09
7.02
7.07
6.29
6.36
5.39
5.93
4.72
5.85
6.74
5.27
5.15
4.44
4.18
4.72
4.61
4.57
5.04
5.97
5.24
5.17
4.65
5.04
5.32
5.39
4.84
5.09
5.01
4.84
4.54
4.38
4.21
4.50
4.30
4.63
4.33
4.32
3.18
3.70
4.29
4.29
4.88
4.50
4.03
4.43
3.29
4.44
3.52
4.43
4.26
4.20
4.15
3.94
3.87
4.01
4.11
3.62
3.62
4.23
3.84
3.95
3.71
3.07
3.17
3.65
3.55
3.97
3.40
3.92
2.82
4.23
3.73
4.15
3.49
3.18
3.80
3.04
3.26
2.89
3.64
3.48
3.68
3.97
3.51
3.68
3.34
3.18
3.87
3.58
3.93
2.64
2.63
3.70
2.89
3.80
3.47
4.11
3.17
3.72
4.02
3.35
3.34
3.65
