-0.03
-0.26
0.19
0.14
-0.06
-0.04
-0.32
0.26
0.17
-0.07
-0.26
2.33
17.92
30.87
46.51
59.11
31.93
18.62
10.40
7.26
5.55
5.93
8.25
10.95
11.51
10.53
9.10
6.89
5.94
5.62
5.09
5.33
5.65
5.80
5.97
5.73
6.14
5.12
5.14
5.33
5.05
5.32
4.85
5.20
5.47
5.44
5.52
4.91
5.40
4.82
5.11
5.43
4.89
5.24
5.07
5.06
5.25
5.32
5.17
4.42
4.93
4.92
4.62
4.35
4.30
4.69
5.47
5.16
5.02
4.73
4.55
4.58
4.44
4.10
4.29
4.79
4.89
4.01
4.06
4.37
3.98
4.41
4.07
4.03
3.99
4.44
3.95
3.93
4.42
4.13
4.04
4.18
3.90
4.52
4.61
4.06
4.60
3.52
4.61
3.99
3.97
4.40
3.23
4.20
3.70
4.15
3.51
3.85
4.39
4.15
4.40
4.17
4.32
4.18
4.27
3.91
4.13
4.18
3.87
4.56
4.23
3.97
4.41
4.11
4.46
3.91
3.77
4.01
4.26
4.36
3.80
3.80
3.73
4.02
3.75
3.94
3.35
3.44
3.85
3.96
3.74
3.38
3.75
4.29
4.36
3.49
4.43
4.03
4.16
3.75
