-0.12
0.21
-0.46
-0.17
0.12
-0.37
0.09
-0.14
0.27
0.47
5.39
13.64
15.64
17.13
12.75
7.84
5.58
5.12
6.52
6.63
8.41
7.43
7.63
6.36
5.76
5.69
5.01
5.39
5.46
4.82
5.41
5.36
6.69
5.04
5.01
4.71
4.58
5.20
5.31
5.00
4.59
4.85
5.60
4.22
4.52
4.40
4.40
4.76
4.10
4.78
3.64
4.24
4.30
3.70
4.23
4.75
5.01
4.25
4.22
3.96
3.62
4.40
4.18
4.75
4.28
3.68
4.49
3.83
3.51
4.05
4.14
4.55
4.32
4.34
3.92
4.12
4.14
3.68
3.65
3.70
4.86
4.76
4.25
3.37
3.69
3.84
3.84
3.75
3.53
3.94
4.11
3.21
2.92
3.45
3.27
4.02
3.72
4.25
3.26
3.71
3.91
3.07
3.14
3.51
4.31
4.32
3.62
3.61
3.01
4.10
3.89
3.83
3.61
3.66
4.43
3.17
3.46
3.48
3.46
4.06
3.80
3.76
3.52
3.40
3.63
3.19
2.91
3.62
3.80
4.00
3.33
3.11
3.03
3.49
4.23
3.26
3.37
3.34
4.22
2.88
2.35
2.91
2.88
3.74
3.40
3.61
3.17
3.36
3.29
3.16
