-0.17
-0.01
-0.17
0.22
0.10
-0.03
-0.02
-0.18
0.12
-0.04
4.35
49.60
42.47
42.23
28.25
14.88
6.69
3.85
4.14
4.44
7.54
9.03
8.82
8.89
7.49
6.20
6.12
5.88
6.71
7.49
7.40
8.33
8.92
7.80
8.52
8.04
6.87
7.01
6.94
6.84
6.37
6.75
6.54
5.77
6.47
5.80
5.97
6.00
6.20
5.63
5.53
5.81
5.25
5.85
5.27
5.39
5.61
5.18
5.31
5.33
5.07
4.79
4.97
4.70
4.77
5.51
4.75
5.31
4.57
5.08
4.50
4.92
4.77
4.85
5.08
4.59
4.60
4.93
4.50
4.22
4.79
4.42
4.01
4.52
4.58
4.23
4.34
4.43
3.73
4.64
4.01
4.33
4.56
3.80
4.41
4.00
3.87
4.49
4.13
4.07
4.17
3.86
3.78
4.03
3.82
4.24
3.69
4.00
4.08
3.72
3.66
3.97
3.52
3.76
3.78
3.50
3.72
4.03
3.57
3.66
3.63
3.48
3.53
3.86
3.28
3.83
3.71
3.43
3.75
3.12
3.96
3.55
3.29
3.60
3.18
3.53
3.64
3.54
3.66
3.55
3.24
3.71
3.69
3.00
3.33
3.46
3.27
3.27
3.80
3.25
