-0.06
0.12
-0.08
0.13
0.12
-0.05
-0.23
0.23
40.98
46.77
19.11
3.81
1.18
1.62
4.16
5.62
5.26
4.50
4.33
4.34
4.42
4.81
4.71
4.53
4.93
4.89
4.04
4.12
3.94
3.97
3.85
4.24
4.12
4.18
3.71
3.52
3.81
4.02
3.37
3.43
3.39
3.59
3.18
3.17
3.36
2.93
3.34
3.17
3.06
3.21
2.96
3.12
2.87
2.63
2.56
2.70
2.81
2.50
2.54
2.54
2.71
2.68
3.05
2.72
2.59
2.78
2.85
3.07
2.74
2.31
2.56
2.34
2.33
1.94
2.17
2.19
2.15
2.31
2.11
2.32
2.46
2.57
2.50
1.95
2.35
2.25
2.48
2.42
2.07
2.50
2.30
2.06
2.01
1.88
2.24
1.94
2.14
1.80
1.88
2.15
