0.12
-0.01
0.02
-0.06
-0.07
-0.02
0.15
0.00
1.64
17.08
42.12
33.65
23.38
11.31
9.50
12.34
12.39
12.07
8.94
7.67
6.93
7.31
8.30
7.99
8.16
8.39
8.06
8.22
8.06
7.65
7.76
7.61
7.71
7.22
7.16
6.95
7.21
6.55
7.01
6.40
6.04
6.61
5.75
6.12
5.74
5.87
5.76
5.78
6.00
5.62
5.88
5.38
5.51
5.73
5.22
5.20
4.78
5.40
5.07
5.34
5.16
4.63
5.01
4.85
4.80
4.36
4.60
5.17
4.67
4.74
4.70
4.34
4.55
4.16
4.65
4.36
4.38
4.68
3.92
4.31
4.09
4.43
4.39
4.31
4.46
3.98
3.74
3.92
4.02
4.17
4.10
4.29
3.83
4.10
3.55
3.88
3.95
3.52
3.48
3.52
