-0.06
-0.35
-0.64
0.01
0.45
0.38
-0.23
0.41
8.21
39.80
54.61
12.25
3.44
2.29
3.31
5.07
7.48
5.74
5.48
4.83
6.28
5.46
6.85
5.29
5.87
5.05
5.49
4.29
5.12
4.61
3.23
3.57
3.81
3.90
4.57
4.05
3.77
4.02
4.14
3.76
3.35
3.39
4.27
3.88
3.11
2.96
3.20
2.95
3.61
2.78
1.71
3.72
3.06
2.27
2.76
2.51
2.84
2.61
3.20
2.51
3.08
3.00
3.01
2.45
2.45
2.41
2.31
2.82
2.24
2.95
1.86
3.18
2.61
1.93
1.70
1.93
2.58
2.22
2.44
2.30
2.29
2.11
1.93
2.28
2.39
2.40
2.53
1.81
1.91
2.27
2.28
1.77
2.16
2.09
2.07
1.59
2.08
2.19
1.43
1.97
