0.20
0.35
-0.26
-0.14
0.07
0.26
0.00
-0.23
3.57
16.85
25.00
35.28
18.28
9.36
8.01
8.64
9.82
8.51
7.31
5.86
5.91
6.36
7.12
7.71
7.35
7.68
8.11
6.99
6.00
7.31
6.06
6.37
6.43
6.86
6.36
5.68
6.52
5.33
4.94
5.37
5.02
5.38
4.78
4.67
4.88
4.42
5.02
4.97
5.07
5.49
4.77
4.93
4.86
5.02
4.61
4.86
4.26
4.62
4.14
4.52
4.76
3.85
4.15
4.20
4.53
4.31
4.28
4.36
3.85
4.36
3.94
4.09
3.54
4.16
3.91
3.13
3.97
3.57
3.38
4.03
3.37
3.82
3.32
3.81
4.39
3.38
3.49
3.73
3.22
3.01
3.17
3.14
3.01
3.00
2.99
2.48
3.26
3.37
3.11
3.15
