0.20
-0.03
0.13
-0.09
-0.13
0.17
-0.11
-0.14
0.20
-0.10
0.19
-0.07
0.93
10.38
20.26
31.82
34.47
39.66
63.32
48.51
24.86
16.69
12.43
9.51
7.55
6.56
7.01
7.53
7.89
9.62
8.62
8.53
8.25
7.39
6.15
5.72
5.68
6.16
6.34
6.05
5.55
5.37
5.38
6.39
5.66
4.98
6.51
5.73
5.57
5.65
5.60
5.54
5.61
5.53
5.87
5.21
5.48
5.57
5.21
5.03
4.88
5.32
5.27
5.47
5.10
4.26
4.27
4.64
4.45
4.62
4.71
4.31
4.07
3.92
4.24
3.92
3.92
4.29
4.79
4.29
5.19
4.63
4.57
3.55
4.20
4.64
4.09
4.78
3.79
3.27
3.35
3.74
3.94
3.69
3.63
3.90
3.52
3.75
3.42
3.28
3.54
3.08
3.68
3.80
3.43
3.87
3.37
2.96
3.14
3.59
3.16
3.02
3.93
3.13
3.42
3.19
3.98
3.20
3.16
2.94
3.11
3.31
3.23
3.27
3.53
3.48
3.25
3.11
3.40
3.24
2.96
2.95
3.02
3.37
3.24
3.25
3.49
3.00
2.69
3.03
3.37
2.98
2.99
3.22
2.25
3.27
2.88
2.70
2.72
2.64
