0.38
-0.38
-0.05
-0.06
-0.18
0.32
-0.28
0.41
-0.10
0.15
0.21
0.00
0.47
3.46
17.18
33.36
38.88
45.46
35.90
31.31
24.12
18.78
15.09
10.59
9.56
7.41
7.86
6.58
6.74
6.88
6.39
6.64
6.28
5.94
5.81
5.49
5.25
4.65
4.68
3.99
5.52
4.70
5.27
5.64
4.63
4.18
5.69
4.42
5.55
4.21
4.95
4.35
4.20
4.33
3.95
4.89
4.29
4.15
4.28
3.99
3.96
3.80
3.91
3.64
4.27
3.68
3.83
4.25
3.56
3.27
4.02
3.65
3.97
3.06
3.77
3.91
3.93
3.61
3.74
3.56
3.19
3.41
3.71
2.84
3.89
3.27
3.63
2.98
3.20
2.90
3.37
2.92
3.09
2.69
3.13
2.74
3.67
3.32
3.26
3.07
2.91
3.01
2.92
3.18
3.19
2.99
2.54
2.46
3.07
2.55
2.97
2.12
3.48
2.61
3.20
3.11
2.83
3.01
2.94
2.35
3.23
3.31
2.49
2.89
2.31
2.67
2.19
2.77
2.34
2.86
2.34
2.54
2.53
2.55
2.58
1.95
2.48
3.20
2.89
3.07
2.46
2.91
1.78
2.62
2.18
2.13
2.19
2.59
1.78
2.43
