0.03
0.05
0.29
0.02
0.02
-0.02
-0.10
-0.18
-0.09
-0.06
8.87
15.33
15.98
18.50
10.97
4.58
2.38
2.06
2.60
4.27
5.43
5.94
5.34
4.36
3.98
3.81
3.75
3.91
4.24
4.54
4.83
4.77
5.11
5.17
5.11
4.63
4.51
4.45
4.39
4.46
4.49
4.54
4.17
4.48
4.23
4.36
4.07
3.89
4.18
4.23
4.30
4.03
4.20
3.94
3.92
3.98
4.06
3.99
3.93
3.95
3.62
3.61
3.73
3.73
3.62
3.74
3.58
3.82
3.75
3.54
3.53
3.49
3.63
3.71
3.69
3.66
3.82
3.62
3.62
3.42
3.43
3.45
3.44
3.48
3.30
3.21
3.41
3.37
3.29
3.31
3.29
3.49
3.50
3.39
3.44
3.35
3.51
3.45
3.42
3.41
3.46
3.34
3.19
3.27
3.25
3.44
3.37
3.37
3.39
2.98
3.04
2.97
3.24
3.06
3.27
3.47
3.38
2.99
2.94
2.91
2.94
3.06
3.15
3.07
3.01
3.01
2.98
2.84
2.89
3.03
3.15
3.06
2.91
2.81
2.99
2.84
2.86
2.95
2.95
3.08
3.04
2.86
2.86
2.83
2.88
3.15
2.93
2.86
2.86
2.89
