0.11
0.04
-0.03
-0.22
-0.06
0.26
-0.01
0.03
0.27
11.83
24.45
23.03
12.90
5.70
3.11
3.02
4.81
6.01
5.87
6.08
5.59
4.11
3.86
4.06
4.47
4.19
4.49
4.41
4.52
4.12
3.88
4.08
3.82
3.79
3.85
3.69
3.77
3.75
3.29
3.67
3.42
3.49
3.40
3.25
3.08
3.47
3.34
2.90
2.94
3.25
3.03
3.26
3.09
3.33
2.91
3.17
2.86
3.11
3.41
3.38
2.92
3.04
2.95
2.85
3.10
3.21
2.71
2.92
2.87
2.84
2.98
2.91
2.97
2.94
3.00
2.72
2.90
2.98
2.66
3.20
3.71
3.67
3.83
3.38
3.27
2.61
2.88
3.15
2.87
3.32
2.97
3.03
3.14
2.92
2.75
2.97
3.47
3.27
3.15
2.72
