0.02
0.26
0.11
0.03
0.00
0.10
-0.17
-0.06
-0.05
-0.21
0.28
1.18
10.20
15.51
21.80
24.77
19.73
15.95
11.03
8.11
6.30
5.47
6.44
7.24
8.35
8.73
8.04
7.17
5.36
5.18
4.59
4.43
4.60
4.72
5.37
4.96
5.66
5.32
4.95
5.12
5.15
5.09
4.58
4.75
4.91
4.89
4.82
4.49
4.52
4.35
4.20
4.45
4.09
4.66
3.91
4.32
4.18
3.88
4.44
4.02
4.32
4.03
3.81
3.87
3.94
3.79
3.73
3.63
3.52
3.19
3.15
3.23
3.39
3.32
3.46
3.60
3.41
3.36
3.04
3.02
2.79
3.15
3.26
3.01
3.44
3.27
2.93
2.86
2.76
3.08
2.86
3.11
2.91
2.86
2.89
2.65
2.57
2.68
2.76
2.97
2.84
2.65
2.53
2.58
2.19
2.83
2.99
2.41
2.87
2.55
2.82
2.19
2.31
2.97
2.46
2.81
2.34
2.50
2.65
2.27
2.51
2.35
2.50
2.39
2.68
2.25
2.08
2.34
2.59
2.40
2.44
2.09
2.56
2.27
2.22
2.20
2.28
2.57
1.98
2.03
1.99
2.11
2.20
1.99
2.26
2.14
2.49
2.37
2.27
2.16
