0.17
0.08
0.07
0.04
-0.02
0.02
0.36
0.32
-0.20
-0.27
1.13
15.75
20.02
21.68
38.69
27.66
17.06
8.21
5.79
4.20
5.54
5.37
8.88
9.17
9.83
8.96
7.87
7.24
5.42
5.89
4.90
5.79
6.07
6.66
6.78
7.08
7.59
7.43
6.66
6.99
7.37
6.78
6.29
6.85
5.83
6.40
6.43
5.99
6.47
5.87
5.60
5.33
5.67
5.77
5.55
5.57
4.92
4.65
5.70
4.99
5.64
5.00
5.03
5.28
5.33
5.18
4.38
4.88
3.83
4.40
4.47
4.74
4.45
4.56
4.56
4.21
4.47
4.59
4.39
4.38
4.47
4.77
4.29
4.11
3.88
4.10
4.25
4.86
4.08
3.94
4.09
3.47
3.91
3.37
4.22
4.01
3.89
3.89
3.27
3.50
3.12
4.04
3.96
3.58
3.65
3.91
3.35
3.57
3.82
3.17
3.82
3.43
3.85
3.22
3.71
3.71
3.11
3.75
3.27
3.38
3.18
3.46
3.06
3.30
2.93
3.28
3.29
3.22
3.18
3.08
3.38
3.06
3.28
3.21
3.20
3.20
3.25
3.57
3.17
3.45
3.48
2.94
2.87
2.63
3.08
3.10
3.41
2.75
3.51
2.52
