-0.02
-0.04
-0.06
0.13
-0.07
0.13
0.03
0.09
-0.06
-0.13
0.09
0.92
9.03
27.93
52.82
61.90
59.87
37.21
21.88
13.02
7.91
5.62
4.43
4.83
4.81
6.74
7.04
8.22
7.62
7.19
6.47
5.49
5.40
4.81
4.77
4.79
4.29
4.70
5.29
5.29
5.23
5.29
5.09
5.20
4.74
5.02
4.68
4.50
4.68
4.52
4.23
4.46
4.29
4.32
4.06
4.36
4.39
4.10
4.06
3.97
3.83
3.81
3.70
3.99
3.72
3.81
3.52
3.94
3.70
4.03
3.68
3.58
3.89
3.77
3.94
4.08
3.87
3.66
3.48
3.27
3.60
3.15
3.72
3.19
3.40
3.23
3.07
3.60
3.42
3.40
3.17
3.70
3.54
3.17
3.40
3.17
3.23
3.52
3.60
3.03
3.11
3.01
2.99
3.25
3.19
3.13
2.99
2.83
2.83
3.01
3.17
3.05
2.91
2.63
2.45
2.79
2.85
3.05
2.89
3.01
2.77
2.83
2.81
2.97
2.41
2.75
2.60
3.03
2.85
2.43
2.73
2.83
2.71
2.67
2.67
2.63
2.45
2.37
2.61
2.49
3.03
2.60
2.43
2.53
2.53
2.71
3.03
2.89
2.89
2.37
