0.05
-0.18
0.00
-0.03
0.15
0.02
-0.14
0.08
0.09
9.66
14.84
18.97
19.45
13.32
8.15
5.69
5.76
6.68
8.02
8.01
7.05
5.72
5.24
4.57
4.43
4.86
4.97
4.90
5.10
5.62
5.62
5.97
4.89
4.95
5.45
4.61
5.27
5.00
4.93
4.51
4.09
4.44
3.93
3.93
4.07
4.02
3.99
3.33
3.56
3.39
3.42
3.48
3.35
3.35
2.93
3.19
2.82
2.56
3.05
2.55
2.88
2.66
2.72
2.35
2.40
2.82
2.43
2.61
2.61
2.65
2.76
2.18
2.30
2.32
2.36
2.81
2.41
2.51
2.05
2.40
2.12
2.12
2.22
2.31
2.41
2.72
2.72
2.52
2.59
3.04
2.30
2.55
2.74
2.37
2.80
2.23
2.42
2.28
2.18
2.30
