-0.37
0.45
-0.14
-0.02
-0.02
-0.26
0.67
0.08
0.20
-0.96
1.04
17.84
41.58
33.59
22.93
11.88
7.52
4.28
3.95
4.40
5.42
7.07
8.09
6.20
7.22
5.67
5.77
4.34
4.67
5.46
5.32
4.79
5.95
6.54
4.83
4.46
5.34
4.02
4.67
4.02
6.42
4.97
4.08
4.77
5.32
3.89
4.59
3.63
6.14
7.36
3.93
5.99
4.02
5.93
4.67
3.89
4.93
5.32
2.63
4.46
2.53
3.51
4.00
2.63
3.51
3.63
4.02
3.89
4.67
2.63
2.87
3.26
4.02
3.89
3.26
2.87
2.75
3.77
2.75
3.20
4.16
3.00
2.51
4.79
3.61
3.89
3.63
3.61
3.14
3.20
4.24
3.51
2.94
3.24
3.42
2.61
3.36
4.28
2.94
2.26
3.38
3.77
2.75
3.14
4.28
3.63
2.38
3.89
3.00
2.75
1.65
4.16
3.14
4.02
2.75
1.79
3.14
2.57
2.51
2.00
2.38
3.14
3.69
2.04
1.53
5.73
3.14
1.75
3.59
3.49
2.47
2.08
2.06
3.20
2.28
1.51
2.81
2.16
2.96
2.85
2.77
1.67
3.40
0.94
1.12
3.65
2.41
2.71
0.55
1.65
