0.40
0.27
0.05
0.18
0.00
-0.11
-0.17
0.03
-0.10
-0.15
0.06
2.77
12.38
15.07
28.36
30.50
27.46
18.52
11.91
8.03
5.82
5.12
5.35
6.17
6.88
6.99
6.75
6.22
5.11
4.58
3.96
3.62
3.75
3.44
4.10
4.16
4.41
3.96
4.57
4.43
4.18
4.04
4.18
4.36
4.41
4.30
4.03
3.95
4.53
4.40
4.17
4.26
3.96
3.90
3.46
3.70
3.45
3.67
3.61
3.65
3.69
3.36
3.62
3.74
3.43
3.88
3.71
3.88
3.65
3.70
3.62
3.16
3.29
3.77
3.64
3.92
3.24
3.31
3.16
3.51
3.40
2.96
3.39
3.08
3.16
3.14
2.98
3.05
2.89
3.37
3.08
3.00
3.08
2.78
2.82
2.60
3.09
3.14
3.22
3.19
2.67
2.72
2.77
2.62
2.84
2.46
2.91
2.90
2.54
2.58
2.43
2.51
2.47
3.20
2.77
2.53
2.86
2.46
2.92
2.40
2.57
2.85
2.91
2.74
3.06
2.86
2.39
2.85
2.69
2.30
2.64
2.79
2.49
2.05
2.60
2.46
2.61
2.71
2.28
2.95
2.36
2.50
2.60
2.42
2.43
2.61
2.65
2.75
2.57
2.64
