-0.09
0.00
-0.03
0.12
-0.11
0.04
-0.01
0.02
2.20
25.94
35.13
19.79
10.91
6.00
4.70
4.71
5.26
5.71
4.79
4.18
3.39
2.86
3.07
3.13
3.21
3.40
3.22
3.36
2.91
3.13
2.83
3.09
3.39
2.91
2.95
2.99
2.89
3.17
2.88
2.69
2.61
2.75
2.65
2.91
2.87
2.59
2.91
2.57
2.40
2.39
2.44
2.58
2.47
2.40
2.63
2.55
2.57
2.46
2.27
2.17
2.30
2.14
2.40
2.46
2.24
1.92
1.96
2.35
2.20
2.06
2.58
2.17
2.21
2.07
1.89
2.04
1.83
2.15
2.19
2.03
2.28
1.85
2.02
1.92
1.88
2.18
2.22
2.12
2.03
1.93
1.82
1.99
1.87
1.90
2.20
1.97
1.98
1.82
1.90
2.04
