0.11
0.20
-0.01
0.00
0.03
-0.04
-0.18
-0.04
4.08
41.40
49.83
37.62
20.64
8.40
5.17
6.49
9.23
12.04
11.73
10.10
7.95
6.83
6.19
6.38
6.40
7.12
7.27
7.29
6.71
6.09
6.18
6.40
6.13
6.66
6.00
6.27
6.03
5.66
5.63
5.51
5.24
5.12
5.08
5.16
5.10
4.87
4.48
4.76
4.14
4.94
4.47
4.48
4.83
4.31
4.13
4.58
4.56
4.29
4.63
4.13
4.27
3.99
4.16
4.01
3.77
3.77
3.51
3.24
3.52
3.84
3.64
3.62
3.67
3.74
3.56
3.69
3.81
3.14
3.48
2.96
3.50
3.14
3.58
3.50
3.58
3.51
3.15
3.33
3.13
3.31
3.09
2.81
3.09
2.67
2.77
2.77
2.83
2.82
2.60
3.04
