-0.04
0.02
-0.01
0.03
0.01
-0.03
0.06
-0.01
-0.02
-0.02
-0.04
0.02
0.10
4.95
27.56
36.13
42.87
30.08
18.12
10.64
6.69
5.38
5.87
6.69
7.29
7.32
6.88
6.33
5.75
5.36
5.25
5.13
5.26
5.38
5.48
5.51
5.56
5.52
5.52
5.48
5.53
5.49
5.39
5.34
5.37
5.20
5.31
5.15
5.08
5.03
4.96
5.00
4.94
4.90
4.88
4.80
4.79
4.77
4.74
4.72
4.69
4.58
4.59
4.46
4.51
4.60
4.45
4.43
4.48
4.48
4.46
4.23
4.28
4.20
4.21
4.28
4.21
4.18
4.15
4.10
4.09
4.04
4.07
4.04
4.02
3.97
3.93
3.89
3.87
4.01
3.89
3.86
3.86
3.73
3.84
3.76
3.88
3.75
3.72
3.83
3.70
3.77
3.70
3.67
3.61
3.66
3.54
3.61
3.61
3.52
3.60
3.50
3.52
3.51
3.49
3.49
3.49
3.39
3.48
3.37
3.51
3.49
3.41
3.47
3.45
3.38
3.37
3.38
3.33
3.41
3.35
3.36
3.33
3.28
3.29
3.27
3.29
3.35
3.29
3.29
3.26
3.23
3.29
3.18
3.21
3.18
3.21
3.22
3.22
3.18
