1.04
0.00
0.17
0.59
-0.87
0.31
0.00
-0.55
0.35
2.11
38.15
30.21
28.44
21.34
14.27
13.41
9.11
10.71
10.50
11.95
13.58
11.02
11.74
8.00
8.14
5.47
4.37
6.06
3.08
6.76
3.50
3.64
5.40
4.12
6.83
3.67
4.71
5.30
3.95
5.23
5.23
5.20
4.37
4.99
4.99
3.81
4.47
3.64
4.23
2.70
3.95
5.99
2.67
5.61
2.36
2.56
2.36
3.01
4.23
2.70
3.74
4.99
3.50
4.54
3.15
4.85
4.19
4.68
3.95
2.84
3.57
1.77
4.23
2.36
2.60
2.60
2.46
3.98
2.36
3.43
3.01
2.84
4.75
2.91
2.91
2.29
3.74
2.53
3.19
3.33
2.84
2.60
3.08
3.01
3.50
1.94
4.54
2.53
2.25
3.50
