-0.19
-0.11
0.18
-0.04
-0.08
0.08
0.21
-0.04
-0.19
-0.01
5.70
16.46
18.30
19.45
13.94
8.58
5.30
3.53
2.79
3.20
3.94
5.14
5.69
4.93
4.31
4.50
4.38
3.79
3.41
3.81
3.98
4.40
4.66
4.18
4.39
4.23
4.16
3.87
3.51
3.77
3.49
4.07
3.31
3.40
3.26
3.80
3.26
3.43
2.92
3.55
3.44
3.02
2.88
2.75
2.86
3.01
3.19
2.51
2.93
2.89
3.09
2.86
2.59
2.96
2.74
2.83
2.55
2.62
2.72
3.12
2.66
2.76
2.38
2.45
2.33
2.65
2.67
2.95
2.40
2.30
2.81
2.02
2.68
2.59
2.77
2.71
2.15
2.75
2.48
1.99
2.30
2.21
2.12
2.61
2.27
1.85
1.70
1.95
2.47
2.30
1.80
2.35
2.57
2.16
1.83
1.87
2.51
2.30
2.24
2.18
1.94
2.22
2.19
1.67
1.72
2.20
2.03
2.44
2.14
1.76
1.64
2.00
2.18
2.07
1.62
2.03
2.13
1.63
1.81
1.70
2.12
2.00
1.91
1.89
1.77
1.73
2.08
2.02
1.60
2.18
1.94
2.16
2.01
1.33
1.84
1.60
2.32
1.88
1.59
1.82
