0.03
0.03
0.09
0.03
0.06
0.01
-0.03
-0.08
-0.13
2.34
21.39
32.60
52.96
29.03
16.30
9.61
7.92
8.00
9.71
10.98
11.44
10.51
9.15
7.90
7.28
7.09
6.79
6.74
7.11
6.97
6.80
6.40
6.20
6.25
6.52
6.19
6.29
6.21
6.35
5.80
6.24
5.60
6.01
6.01
5.70
5.56
5.41
5.25
5.14
5.26
5.10
5.25
4.97
4.99
4.83
4.50
4.45
4.50
4.39
4.71
4.63
4.58
4.44
4.43
4.28
4.17
4.18
4.28
4.23
3.96
4.04
3.72
3.94
4.17
3.95
4.02
3.94
4.08
3.71
3.45
3.92
3.48
3.71
3.96
3.78
3.67
3.56
3.48
3.44
3.41
3.26
3.72
3.46
3.36
3.20
2.90
3.13
3.28
3.30
3.10
