0.13
0.01
-0.12
0.01
0.09
-0.07
-0.01
-0.09
-0.08
0.26
0.19
4.03
29.43
45.64
54.54
47.87
30.05
17.92
11.40
8.10
6.35
5.35
5.76
7.46
9.09
10.09
10.43
10.11
9.09
8.10
7.38
6.66
6.26
6.56
6.57
7.24
7.08
7.06
6.94
6.80
6.87
6.75
6.41
6.19
5.83
5.98
5.75
5.85
5.90
5.93
5.33
5.65
5.76
5.54
5.40
5.37
5.19
5.14
5.30
5.42
5.09
4.91
5.08
4.91
4.97
5.12
4.77
4.93
4.77
4.93
4.87
4.61
4.51
4.57
4.54
4.48
4.70
4.53
4.37
4.27
4.52
4.24
4.54
4.67
4.39
4.26
4.30
4.32
4.12
4.41
4.13
4.16
4.13
4.21
4.18
4.13
4.00
4.33
4.15
4.08
4.00
3.71
4.33
4.05
3.85
3.88
3.93
3.82
3.85
4.07
3.89
3.62
3.59
3.87
3.68
3.74
3.78
3.58
3.52
3.66
3.67
3.50
3.69
3.39
3.43
3.37
3.43
3.52
3.68
3.55
3.54
3.64
3.37
3.61
3.49
3.47
3.33
3.42
3.60
3.80
3.71
3.50
3.30
3.36
3.20
3.52
3.50
3.55
3.50
3.14
