0.15
0.09
-0.11
0.04
-0.16
0.23
-0.12
0.02
0.28
6.58
19.07
27.92
29.40
17.25
9.88
6.93
5.44
6.92
8.15
9.46
9.83
8.82
8.28
6.94
6.59
6.29
6.12
6.51
6.64
6.66
7.99
8.63
8.67
8.02
7.47
6.51
6.02
6.70
6.59
6.61
6.08
6.42
5.67
5.41
5.83
5.73
5.59
5.43
5.45
5.01
5.00
4.47
5.36
4.98
4.84
4.63
5.10
4.48
4.42
4.20
4.20
4.33
4.13
4.63
3.90
4.40
4.42
4.45
3.85
3.34
4.02
4.35
4.09
4.00
3.68
4.63
4.23
4.63
4.64
4.63
4.62
3.50
3.89
3.77
3.80
4.02
3.70
4.04
3.34
4.20
3.79
3.62
3.89
3.17
4.07
4.17
4.10
4.00
3.48
3.67
