0.17
0.05
0.14
0.06
0.07
0.02
-0.17
-0.16
0.00
0.31
10.30
33.57
34.94
44.55
46.89
29.45
16.52
10.87
7.41
7.56
7.74
10.49
11.87
10.13
10.37
8.61
7.74
6.62
6.27
6.06
5.84
7.35
6.87
6.99
7.96
6.92
7.32
7.34
6.96
7.66
7.59
7.60
7.26
8.16
7.14
7.70
7.18
6.85
7.13
6.50
6.77
6.52
6.27
6.41
6.26
5.94
6.16
5.92
6.80
5.60
5.58
6.04
5.36
5.81
5.51
5.87
5.01
5.63
5.08
5.26
5.71
4.99
5.51
4.76
5.27
5.28
5.02
5.20
4.77
4.70
4.83
4.45
4.93
4.61
4.80
4.93
4.12
5.17
4.21
4.60
4.14
4.82
4.63
4.44
4.20
4.04
4.63
3.71
4.21
3.85
4.26
4.43
4.17
4.19
4.43
4.21
4.53
4.01
4.04
3.89
3.59
4.16
3.62
4.12
3.80
3.98
3.99
4.00
4.03
3.83
4.46
3.79
4.08
3.93
3.73
3.97
3.67
3.49
3.74
3.58
3.97
3.33
3.74
3.79
3.27
4.01
3.78
3.84
3.41
3.91
3.48
3.75
3.73
3.49
3.68
3.28
3.93
3.29
3.47
3.72
