0.55
0.02
-0.29
0.17
-0.46
0.00
0.34
0.22
0.33
-0.28
0.52
8.03
32.86
34.70
34.24
24.05
12.39
7.64
4.79
6.40
9.02
11.51
11.80
8.96
8.16
6.24
4.91
5.30
4.62
5.71
5.41
6.25
6.46
5.35
6.50
5.68
6.25
4.83
5.07
6.15
4.79
6.06
4.84
5.21
5.15
5.09
5.56
3.89
5.68
4.85
4.94
5.00
4.35
4.77
4.17
5.33
4.88
3.37
4.98
3.79
5.22
3.40
4.20
4.66
4.07
5.19
3.98
4.49
4.00
4.41
4.33
3.47
4.98
4.24
4.17
4.05
3.11
3.43
3.64
4.28
3.35
3.38
4.31
3.25
3.99
2.94
3.49
3.70
3.31
4.40
3.15
3.45
3.29
3.75
4.10
3.00
4.03
3.69
3.49
3.59
2.87
3.41
3.16
3.46
3.49
2.74
4.12
2.75
3.88
2.81
3.41
3.60
2.93
3.96
2.54
3.32
2.89
3.50
3.48
2.75
4.07
3.51
3.14
3.49
3.04
3.28
2.75
3.13
3.74
2.55
3.56
2.42
3.54
2.52
3.08
3.68
2.62
3.87
2.95
3.20
3.28
3.37
3.24
2.30
3.60
3.09
2.74
3.15
2.39
3.00
