0.06
-0.04
0.02
0.13
-0.04
0.01
-0.09
-0.07
0.08
57.66
29.13
14.89
7.89
2.72
3.08
5.39
7.12
6.02
4.71
3.38
3.46
3.89
3.83
3.78
3.84
3.59
3.59
3.72
3.34
2.72
4.10
5.29
4.90
4.38
3.74
3.86
3.33
3.24
3.32
3.01
2.87
3.05
2.88
3.25
2.84
2.83
3.05
3.06
2.34
2.26
2.18
2.80
3.31
2.92
3.29
2.77
3.03
2.85
2.68
2.91
2.24
2.33
2.76
2.36
2.57
2.69
2.72
2.58
2.58
1.92
2.04
2.76
2.28
2.90
2.48
2.73
2.66
2.46
2.31
2.40
2.21
2.60
2.22
2.50
2.79
2.76
2.94
2.33
2.62
2.64
2.73
2.31
2.42
2.18
2.34
2.44
2.13
2.32
2.17
2.43
