-0.12
-0.11
0.12
0.10
-0.30
0.08
0.10
0.04
-0.02
1.16
10.89
19.84
21.56
19.61
17.60
15.44
13.67
11.14
10.13
10.31
10.37
10.08
9.58
9.20
7.45
7.09
6.99
6.02
6.18
6.22
5.74
6.02
5.49
6.09
5.51
5.89
6.16
6.02
6.34
5.87
6.19
5.44
6.07
6.04
5.95
5.47
5.17
5.98
5.25
5.17
5.29
4.60
4.96
5.82
5.56
6.20
5.34
5.43
4.67
4.53
5.34
5.29
4.83
4.66
4.57
4.40
4.72
4.59
5.22
4.35
4.53
4.66
3.96
4.16
4.85
4.47
4.11
4.34
5.19
5.07
4.90
5.03
4.45
4.75
5.17
5.33
4.45
4.24
4.83
3.91
4.52
4.52
4.41
4.14
4.47
4.90
3.93
4.72
4.86
4.54
