0.11
-0.01
0.03
0.01
0.04
-0.14
-0.20
-0.07
0.24
18.76
29.14
39.03
42.97
22.36
12.33
7.57
7.79
10.69
13.33
13.89
12.21
10.18
8.57
7.82
8.10
8.35
8.22
8.51
8.59
9.14
8.59
8.24
7.71
7.78
7.53
7.91
7.78
7.70
7.24
7.64
7.12
7.30
7.19
7.28
7.17
6.62
6.59
6.24
6.56
6.61
6.51
6.18
6.13
6.34
5.89
6.35
5.97
6.05
5.85
5.43
5.35
5.70
5.62
5.74
4.80
5.04
5.44
5.69
5.44
5.10
4.91
4.75
5.03
5.02
5.02
5.15
4.72
4.42
4.36
4.06
4.39
4.41
4.68
4.29
4.05
4.29
3.91
4.56
4.21
4.35
3.81
4.20
3.71
4.19
4.24
4.18
4.23
3.67
3.96
3.53
