0.57
-0.23
0.09
-0.11
0.31
0.50
0.06
-0.30
-0.30
2.18
17.32
33.87
30.16
29.25
23.60
15.03
7.96
5.73
7.07
10.95
11.86
14.86
12.11
10.98
8.59
6.80
8.11
6.87
7.48
8.17
7.09
9.15
8.01
8.19
7.86
8.19
8.96
8.61
8.65
7.03
8.03
6.70
8.53
7.43
6.92
8.04
7.19
7.55
7.11
6.27
7.31
6.37
6.20
6.58
6.39
6.77
6.60
7.57
5.22
5.85
6.23
6.84
6.01
4.98
6.17
5.83
6.07
5.86
5.41
5.72
6.06
6.04
4.43
5.10
5.71
5.25
5.23
5.73
6.41
5.25
5.60
5.80
4.20
5.18
5.42
5.29
6.05
5.46
5.01
5.27
5.52
5.67
4.98
4.40
4.50
5.04
5.14
4.34
5.06
4.47
5.20
4.63
4.26
5.51
4.26
5.85
4.22
4.30
4.90
5.06
4.82
4.82
4.04
4.46
4.22
5.51
3.84
5.06
4.30
5.01
5.08
4.40
4.84
4.14
4.78
4.05
4.30
5.19
4.34
4.74
3.48
4.52
3.96
4.68
4.86
4.06
4.31
4.18
4.26
4.61
3.38
4.19
4.67
4.34
4.33
4.04
5.53
3.95
4.59
4.24
