0.03
-0.03
0.28
-0.03
-0.07
0.15
-0.07
0.01
-0.08
-0.16
0.18
0.73
8.71
16.62
17.31
18.18
13.56
10.44
6.70
4.61
3.59
2.87
3.41
3.95
4.31
4.28
4.68
3.31
2.63
3.15
3.03
3.09
2.90
2.92
2.92
3.05
3.63
3.42
3.38
3.35
3.61
3.44
3.44
3.37
3.42
3.31
3.41
3.13
3.18
2.87
3.24
2.91
2.63
2.93
2.59
2.67
2.52
2.51
2.80
2.85
2.88
2.87
2.77
2.43
2.29
2.51
2.55
2.48
2.20
2.04
2.48
2.23
2.25
2.21
2.11
2.31
1.88
2.33
2.09
2.06
2.13
2.10
2.19
1.86
2.19
2.19
1.94
1.98
1.91
1.88
1.96
1.97
2.11
1.70
2.07
1.74
1.94
1.77
1.96
2.17
1.92
2.11
1.97
1.76
1.85
1.88
2.07
1.62
1.89
1.89
1.68
1.94
1.70
1.79
1.70
1.70
1.87
1.60
1.95
1.56
1.67
1.59
1.76
2.04
1.57
2.07
1.71
1.75
1.85
1.69
1.73
1.37
1.89
1.88
1.53
1.70
1.62
1.73
1.45
1.83
1.81
1.61
2.17
1.79
2.03
1.83
1.96
2.14
1.69
2.09
