0.03
-0.21
0.15
0.08
0.00
-0.05
0.09
-0.01
-0.08
0.03
0.30
6.20
15.30
19.64
21.14
17.67
12.13
8.03
5.54
6.37
6.48
7.29
7.84
6.64
6.61
5.65
5.51
5.18
5.42
5.67
5.73
5.86
5.53
5.83
5.34
5.38
5.54
5.27
5.48
5.57
4.97
4.97
5.08
5.71
5.42
5.53
5.38
5.14
5.49
5.00
5.29
4.99
5.13
5.18
5.11
5.22
4.89
4.98
4.74
4.96
4.68
4.64
5.04
4.60
4.44
4.42
4.08
4.80
4.44
4.46
4.52
4.16
4.47
4.09
4.48
4.05
4.15
4.22
4.11
4.05
3.94
4.26
4.21
4.28
4.33
4.01
4.14
3.99
3.89
3.79
3.59
4.14
3.92
3.86
3.90
3.88
4.05
3.73
4.03
3.92
3.77
3.62
3.85
3.64
3.69
3.91
3.73
3.69
3.66
3.62
3.90
3.81
3.56
3.40
3.58
3.74
3.62
3.44
3.38
3.27
3.59
3.44
3.32
3.22
3.51
3.48
3.68
3.66
3.33
3.34
3.63
3.75
3.54
3.55
3.75
3.52
3.30
3.29
3.38
3.65
3.35
3.56
3.23
3.29
3.55
3.48
3.51
3.46
3.43
3.54
