-0.27
-0.15
-0.48
0.28
0.33
0.14
0.01
0.13
-0.09
0.37
2.43
18.45
16.09
35.06
45.11
35.07
26.24
19.65
12.73
9.65
10.51
10.05
10.62
9.21
8.35
7.73
6.39
6.28
6.79
5.69
5.85
6.19
6.06
6.68
6.46
5.97
7.13
6.13
6.94
6.41
6.29
7.17
6.29
6.35
6.63
6.18
7.23
6.85
6.04
6.34
5.79
6.42
6.10
5.65
6.11
6.05
5.09
5.61
5.75
5.07
5.74
5.12
6.06
4.73
4.85
5.73
5.26
4.96
5.02
4.92
5.10
5.09
4.85
5.22
4.86
5.46
5.12
4.54
4.74
5.14
4.58
4.77
4.82
4.32
4.93
4.19
4.80
4.34
4.36
5.08
4.69
4.40
4.45
4.17
4.49
4.56
4.32
4.42
4.27
4.99
4.49
4.19
4.55
4.67
4.01
4.30
4.27
3.61
4.44
4.28
4.82
3.76
3.76
4.49
4.01
3.87
4.32
4.14
4.40
4.89
4.10
3.89
3.71
4.66
4.13
3.94
4.11
4.21
3.80
4.09
3.81
3.49
4.15
4.08
4.41
3.26
3.80
4.24
4.06
3.80
3.80
3.81
4.38
4.14
3.28
4.47
3.33
4.56
3.98
3.51
