0.00
-0.13
0.03
0.10
0.07
0.05
-0.12
0.09
0.74
17.15
22.61
28.60
18.44
10.89
8.37
9.65
11.55
11.03
9.40
8.16
7.47
7.01
6.89
7.01
7.24
7.20
6.42
6.85
6.41
6.41
6.48
6.35
6.16
5.98
5.76
5.96
5.38
5.38
5.39
5.31
5.45
5.42
5.55
5.27
5.52
4.55
5.24
3.92
3.92
3.77
3.82
4.13
3.64
4.04
3.85
4.02
3.47
3.57
3.53
3.23
3.29
3.10
3.40
2.98
3.16
3.14
2.97
3.21
3.14
3.22
2.98
2.99
2.81
2.89
2.70
2.69
2.49
2.76
2.60
2.70
2.65
2.67
2.92
2.95
2.67
2.48
2.78
2.57
2.66
2.39
2.06
2.05
2.04
2.18
2.29
2.53
2.68
2.96
2.71
2.84
