-0.24
-0.45
0.02
0.14
0.08
0.18
0.04
-0.02
0.35
-0.31
-0.30
3.46
18.82
35.49
36.63
33.01
29.93
22.53
17.18
11.67
10.03
7.73
8.39
7.57
6.96
7.47
6.67
6.74
6.02
6.57
5.96
4.97
6.45
5.66
5.16
6.38
5.36
6.80
4.98
5.13
5.09
4.73
5.61
5.14
5.25
4.93
4.78
5.34
4.98
4.98
4.21
4.19
4.16
4.36
5.11
4.39
5.68
5.01
5.18
5.86
4.27
4.64
4.68
4.53
4.28
4.26
5.35
4.24
4.15
3.73
4.63
4.24
3.53
4.18
4.23
4.63
4.40
4.46
3.82
3.36
4.89
4.46
3.63
4.86
3.97
4.30
3.95
3.51
4.29
3.58
4.53
3.34
3.37
3.37
4.48
3.48
3.61
3.71
3.69
4.46
3.06
4.11
3.18
3.58
3.89
3.14
3.52
3.57
3.41
3.80
3.15
3.30
4.03
3.94
4.21
3.41
3.87
2.86
4.23
3.48
3.15
3.84
3.32
4.41
2.92
3.36
2.32
2.03
3.65
3.24
3.19
3.41
3.23
3.19
3.72
2.88
3.93
3.61
3.43
3.08
3.53
2.71
4.16
3.32
3.41
3.18
2.46
2.83
3.19
3.23
