-0.11
-0.04
0.24
-0.12
0.17
0.00
-0.04
-0.20
-0.11
4.73
29.68
35.42
56.85
27.00
11.86
5.89
5.51
7.30
11.82
13.14
12.56
11.80
9.27
7.58
8.54
9.04
10.04
11.19
10.25
12.52
12.75
11.64
10.42
9.67
10.03
10.01
9.14
7.82
8.96
7.64
9.26
7.44
7.31
7.45
7.14
7.07
6.88
6.83
6.69
7.48
6.64
7.02
6.33
6.63
6.74
6.30
6.78
7.02
6.42
6.50
6.21
6.32
5.52
5.89
6.22
5.82
5.62
6.06
5.90
5.69
5.57
6.25
5.67
5.89
5.54
6.20
5.00
5.00
5.46
5.34
5.30
5.29
5.37
5.66
4.78
4.81
4.89
4.90
5.11
4.10
5.05
4.88
5.22
4.04
4.02
4.99
4.94
5.14
4.55
4.89
4.75
4.19
5.00
4.78
4.93
4.77
4.49
5.28
4.79
4.16
4.42
4.46
4.62
4.64
4.49
4.11
3.54
4.64
4.09
4.37
4.62
4.11
4.69
4.44
3.83
4.21
4.58
4.38
4.57
4.63
4.11
3.90
3.69
4.40
3.77
3.96
4.68
3.56
4.08
4.15
4.10
3.20
3.68
3.56
3.93
3.91
3.68
3.68
3.18
3.69
