-0.40
0.00
-0.16
-0.17
0.14
-0.12
0.01
0.30
-0.05
7.02
25.99
30.36
26.13
13.36
6.46
4.55
5.31
6.84
8.52
9.79
8.60
7.14
5.23
4.84
4.06
3.76
3.92
2.96
3.01
3.12
3.85
3.66
3.47
3.69
4.13
3.16
3.50
3.23
3.16
3.76
3.73
3.83
3.94
4.13
4.04
3.68
3.52
3.43
3.23
3.43
3.81
3.03
3.12
3.08
3.45
2.82
2.95
2.67
3.03
2.81
2.95
2.98
3.04
3.12
3.46
3.32
3.17
3.19
2.96
2.97
2.42
3.24
2.73
3.21
3.19
2.82
3.02
3.57
3.46
3.54
2.95
3.30
2.80
2.55
3.38
2.61
3.38
2.73
2.77
2.48
2.73
2.84
2.81
2.80
3.03
2.79
2.83
2.25
2.63
2.40
