-0.07
-0.20
-0.03
-0.15
-0.09
0.11
-0.12
0.22
0.12
0.15
5.62
42.18
75.09
86.67
81.02
52.66
30.10
17.68
10.59
6.35
6.66
6.78
7.44
8.97
8.63
9.85
9.50
9.59
8.34
5.91
5.92
4.51
5.57
5.63
5.43
4.36
6.72
7.57
4.91
6.98
5.73
6.29
5.75
5.69
4.88
5.29
5.04
4.32
4.95
4.39
5.28
4.67
4.44
3.76
3.88
4.99
5.04
4.20
4.42
2.81
3.82
5.00
3.75
3.29
3.58
3.05
4.64
3.15
4.24
2.13
3.80
3.26
2.22
3.44
2.72
3.84
3.87
2.69
2.53
3.15
3.79
3.13
3.04
3.63
3.18
3.35
2.21
3.25
2.08
3.29
3.68
2.98
2.90
3.68
2.67
3.19
3.05
3.07
3.31
3.74
3.71
2.39
2.72
2.82
2.54
2.75
3.55
2.74
2.67
2.81
2.80
2.46
3.08
2.65
2.86
2.74
3.44
3.07
2.81
2.88
2.87
3.00
2.94
3.24
3.28
2.65
2.79
3.17
3.15
2.67
2.96
1.50
2.59
2.93
2.81
2.43
1.86
3.16
2.84
2.55
3.55
2.23
2.76
2.90
2.74
2.49
2.91
3.77
2.86
2.61
