-0.24
-0.18
0.12
0.21
-0.05
-0.21
-0.10
-0.04
0.18
0.09
0.04
3.62
57.66
61.56
55.98
44.32
26.40
16.10
10.08
7.17
6.76
8.47
10.90
12.82
13.37
12.69
11.26
10.20
8.80
7.26
7.24
7.17
7.19
7.43
7.17
6.91
6.67
7.48
7.79
7.48
7.03
8.01
7.13
7.42
7.52
6.39
7.05
6.85
7.40
6.96
5.88
6.61
6.30
6.29
6.22
6.78
6.09
6.40
6.32
5.97
5.48
5.86
5.92
5.92
5.85
6.90
6.00
5.44
6.21
4.87
5.68
5.29
5.84
5.08
5.50
5.48
4.89
5.03
4.67
5.30
4.95
5.36
4.96
5.29
4.97
5.40
5.71
5.11
5.99
5.92
5.52
5.41
5.78
4.49
5.27
4.69
5.20
5.04
4.77
4.78
4.38
4.64
5.02
5.25
4.65
5.08
4.60
4.83
4.73
4.42
4.60
4.68
4.74
4.59
4.26
4.65
4.54
3.99
4.40
4.47
4.64
4.37
4.26
4.59
4.26
3.71
4.11
4.58
4.82
4.49
3.82
4.39
4.53
4.32
4.05
3.86
3.92
3.91
4.31
4.11
4.23
3.81
4.34
3.88
4.22
4.35
3.78
3.82
3.99
3.69
