0.35
0.20
0.11
-0.04
-0.12
0.14
-0.11
0.16
-0.26
-0.05
2.21
28.28
40.42
53.04
48.18
44.56
28.38
16.10
12.17
11.45
11.61
12.57
12.20
13.87
13.19
12.79
10.56
9.88
12.08
10.31
11.62
11.24
12.65
14.16
11.44
13.36
12.94
12.45
11.83
12.18
10.46
11.80
11.93
10.28
11.11
11.04
10.57
11.82
9.73
9.99
11.57
8.89
11.07
8.80
9.11
10.12
8.89
9.57
8.66
8.81
8.92
9.41
7.90
7.54
8.30
8.05
8.83
7.81
7.78
8.88
7.70
7.96
8.05
7.89
7.18
7.34
6.98
7.15
7.51
6.45
7.44
6.46
6.26
7.77
6.15
7.06
5.18
6.52
7.02
6.18
7.11
5.63
5.91
7.50
5.40
6.07
5.18
6.03
6.66
5.94
7.42
6.00
6.30
6.05
5.65
5.92
5.79
6.12
5.30
6.47
4.71
5.53
5.42
5.05
6.76
4.60
5.03
5.31
5.42
5.70
4.71
5.70
4.45
5.07
5.02
4.43
5.70
4.52
4.70
5.38
4.57
4.43
4.57
4.51
4.77
5.36
4.18
4.63
5.23
5.15
5.76
3.70
4.24
4.30
4.30
5.41
4.30
4.17
4.01
3.97
