0.03
-0.09
0.03
0.30
-0.27
0.12
-0.05
0.18
-0.23
0.16
3.02
7.35
15.25
17.73
14.63
9.99
6.63
4.62
4.35
4.90
5.93
6.21
6.09
5.35
5.85
5.32
5.31
4.85
4.82
4.87
4.94
5.12
4.61
4.81
4.49
5.11
4.45
4.60
4.10
4.35
4.75
4.54
4.67
4.54
4.52
4.06
4.18
3.58
3.89
3.96
4.08
4.00
3.54
3.54
3.52
3.73
3.29
3.56
3.44
4.20
3.79
3.63
3.58
3.38
3.94
3.55
3.57
3.57
3.61
3.69
3.49
2.97
3.43
3.52
3.56
3.44
2.95
3.43
3.04
3.58
3.33
3.52
3.38
3.82
3.41
3.31
3.09
3.35
3.58
3.22
3.41
3.25
3.55
3.25
3.19
2.32
2.88
2.92
2.80
3.03
2.63
2.96
2.53
3.07
2.85
2.96
3.04
3.31
3.22
2.94
2.66
2.68
2.98
2.92
2.85
2.79
3.18
2.76
2.93
2.47
2.93
2.66
3.00
2.86
2.60
2.71
2.46
2.70
2.46
2.64
2.72
3.31
2.96
2.79
2.63
2.55
3.01
2.92
3.05
2.58
3.19
2.84
2.71
2.43
2.51
2.55
2.64
2.72
2.43
2.72
