-0.26
0.42
-0.35
0.26
-0.28
0.15
-0.20
-0.50
36.54
88.85
48.93
12.77
5.42
1.26
3.25
3.35
6.66
7.88
5.19
5.38
5.52
7.62
7.85
7.47
5.88
6.62
4.85
4.26
3.95
2.79
3.65
3.36
4.01
3.21
3.78
4.13
2.66
3.85
3.08
3.25
3.57
3.23
4.46
3.19
2.74
3.80
3.99
3.02
2.17
2.87
3.39
4.24
2.54
4.18
3.25
1.98
2.64
2.91
3.28
2.71
2.17
1.56
3.24
2.29
2.30
2.66
2.79
2.21
2.54
3.61
3.01
2.89
1.91
2.86
2.71
2.44
2.75
2.10
2.11
2.41
2.29
2.64
1.90
3.59
2.98
2.44
2.45
2.01
2.16
2.20
3.01
2.11
2.67
2.55
2.60
1.44
2.21
1.79
2.54
2.75
