0.12
0.10
0.07
-0.05
-0.02
0.02
-0.15
0.04
0.01
0.17
2.62
9.41
11.75
14.67
16.62
13.79
11.15
8.21
6.27
5.72
6.18
7.75
7.65
8.03
7.55
7.25
6.43
5.09
5.73
5.17
5.12
5.44
5.31
6.48
5.75
6.09
6.15
5.82
6.24
5.22
5.53
5.42
5.35
5.13
5.20
5.79
4.96
5.25
5.18
5.03
4.87
4.31
5.12
4.79
4.57
4.67
3.91
5.02
4.12
4.51
4.37
4.12
4.80
3.53
4.26
4.05
4.20
3.91
3.61
4.21
3.97
3.90
3.90
3.94
4.19
3.32
3.89
3.70
3.66
3.95
3.30
3.89
3.37
3.75
3.90
3.56
4.08
3.17
4.05
3.57
3.73
3.44
3.42
3.88
3.22
3.87
3.43
3.60
3.63
2.94
3.79
3.22
3.24
3.32
2.88
3.77
2.77
3.37
3.35
3.05
3.48
2.54
3.56
3.01
3.21
3.03
2.91
3.70
2.81
3.28
2.93
3.10
3.21
2.46
3.69
2.84
3.06
3.06
2.64
3.32
2.41
3.22
2.93
2.89
3.43
2.62
3.40
2.66
3.06
3.07
2.87
3.33
2.46
3.05
2.76
2.78
2.96
2.47
2.97
2.69
