-0.06
-0.21
-0.19
-0.29
0.12
-0.15
-0.15
-0.26
1.26
62.41
52.29
39.05
9.95
2.59
2.17
5.70
9.65
9.29
6.46
5.87
5.10
6.14
6.63
7.37
7.18
6.74
6.42
6.27
6.12
5.97
5.62
5.38
5.60
5.40
5.45
5.11
5.00
5.04
4.80
4.84
4.61
4.83
4.45
4.76
4.44
4.52
4.44
4.28
4.66
4.09
4.30
4.10
4.25
4.05
3.81
3.88
3.81
3.87
4.02
3.91
3.75
3.73
3.87
3.71
3.75
3.92
3.39
3.93
3.54
3.71
3.53
3.44
3.47
3.28
3.48
3.21
3.39
3.58
3.24
3.36
3.26
3.59
3.47
3.57
3.44
3.25
3.39
3.17
3.27
3.31
3.15
3.32
3.07
3.18
3.15
3.05
3.03
2.90
3.09
2.91
