0.07
0.06
0.07
0.06
-0.61
-0.20
0.09
0.03
-0.09
0.60
-0.88
11.93
30.36
32.62
26.45
17.35
13.10
7.86
7.14
7.52
10.39
11.73
12.17
12.21
10.51
9.07
8.34
8.86
8.56
7.53
7.53
8.76
7.89
8.91
7.45
7.16
7.53
7.14
7.37
5.58
7.32
6.86
7.41
6.85
7.25
6.96
7.32
7.79
6.13
7.02
6.72
7.01
6.56
5.78
5.82
6.51
6.72
6.48
5.66
5.01
5.73
4.72
5.41
4.12
5.55
5.53
6.21
5.53
5.60
4.92
5.74
6.44
5.34
5.49
6.19
6.09
5.62
4.08
4.66
5.47
4.81
5.20
4.49
4.31
4.70
4.67
5.33
4.00
4.37
4.66
5.19
4.19
4.90
4.44
4.83
5.04
4.38
4.42
4.12
5.07
4.89
3.93
4.58
4.78
3.41
4.91
4.04
3.85
3.98
4.11
5.08
3.68
4.35
4.92
5.11
3.83
4.04
4.44
5.03
5.51
4.65
4.22
4.11
3.96
3.66
4.00
4.25
3.82
3.80
4.34
3.40
2.94
4.05
3.99
4.64
3.55
4.82
4.19
4.51
3.48
4.93
3.31
4.64
4.66
3.58
3.89
3.45
3.99
4.37
3.65
