0.16
0.37
-0.26
0.25
0.20
0.32
-0.08
0.15
-0.26
0.08
2.48
16.78
18.09
21.68
42.70
51.67
37.99
23.86
14.13
8.43
7.23
5.93
6.15
9.51
11.00
11.75
9.52
10.86
7.90
6.97
5.75
6.00
6.81
6.11
7.37
6.83
7.28
7.05
7.22
6.66
6.29
7.02
6.55
6.14
5.95
6.40
6.45
6.12
5.96
6.07
4.86
5.82
5.76
5.73
5.68
5.41
5.79
5.75
5.97
5.20
5.53
5.31
5.25
5.38
5.27
5.30
5.53
5.28
4.94
4.57
4.22
5.68
5.39
5.83
4.57
5.48
4.98
5.10
4.72
4.03
4.42
4.68
4.41
4.40
4.32
4.61
4.42
4.67
4.16
4.46
5.00
4.15
4.37
3.57
4.63
4.42
5.08
4.16
4.23
4.53
4.44
4.56
4.34
4.53
5.17
4.54
5.15
4.13
4.85
4.70
4.21
4.58
4.00
4.04
4.27
3.84
4.49
4.18
3.30
3.53
3.95
4.48
3.38
4.01
4.07
4.05
3.02
4.16
3.37
3.70
3.28
3.20
3.67
4.19
3.13
3.84
2.94
3.77
3.77
3.79
4.40
3.31
3.49
3.79
4.51
3.53
3.21
3.80
3.15
3.94
