-0.17
-0.40
-0.25
-0.30
-0.43
-0.09
-0.35
-0.28
2.26
10.57
18.93
21.51
15.34
9.87
7.36
6.04
6.19
6.09
6.20
6.35
6.08
6.04
6.06
6.33
6.67
7.37
6.70
6.17
5.86
5.84
5.34
5.08
4.98
4.66
4.81
4.84
4.36
4.32
4.20
3.84
4.02
4.00
3.91
4.24
3.72
3.72
3.77
3.35
3.65
3.31
3.66
3.78
3.90
3.64
3.66
3.60
3.29
3.19
3.33
3.44
3.42
3.22
3.14
2.94
2.82
2.98
2.90
3.03
3.17
3.05
2.82
2.88
2.83
2.73
2.62
2.74
2.88
3.01
2.76
2.40
2.47
2.58
2.64
2.53
2.52
2.52
2.32
2.50
2.31
2.58
2.51
2.62
2.26
2.46
2.41
2.68
2.44
2.49
2.71
2.20
