0.03
-0.10
0.00
0.07
-0.07
0.05
0.05
0.10
0.27
16.54
31.67
51.25
33.03
15.20
6.41
3.83
4.65
7.52
9.25
9.00
7.24
6.63
5.72
6.70
5.87
6.46
5.84
5.86
6.52
6.45
6.91
6.19
6.33
5.38
5.25
5.30
5.07
5.59
5.16
5.11
4.82
4.45
4.23
3.82
3.49
3.94
4.57
4.26
4.14
4.00
4.07
3.72
3.92
3.74
3.77
4.11
3.88
3.31
3.72
2.81
3.00
3.11
2.57
3.46
3.32
3.93
3.38
3.41
2.53
2.98
3.01
3.45
3.15
3.29
3.11
3.03
3.01
2.55
2.92
2.46
2.96
2.47
2.72
2.65
2.65
2.89
2.67
3.26
2.78
3.07
2.75
2.67
2.20
2.53
2.63
2.95
3.28
3.40
2.58
2.65
