0.06
0.10
-0.21
0.07
-0.15
0.19
-0.44
-0.06
0.22
-0.14
0.43
0.19
15.69
49.35
62.22
63.33
59.16
52.48
28.74
21.02
15.92
11.29
9.62
8.44
8.43
9.25
9.84
11.12
9.93
11.10
9.37
8.90
7.71
7.54
6.92
5.52
6.23
6.23
6.86
6.07
6.81
6.51
6.89
6.94
7.76
6.41
6.93
5.58
5.52
5.45
5.15
5.46
4.87
5.94
5.73
5.41
5.05
5.67
6.15
5.84
6.00
5.11
5.63
4.51
5.66
5.49
4.32
4.63
5.02
3.91
4.73
3.96
4.52
4.63
4.06
4.62
4.35
4.34
4.43
5.46
4.05
5.39
5.16
4.37
4.45
3.92
5.06
4.46
5.03
5.46
3.95
4.06
4.16
3.53
3.75
3.42
3.43
3.51
3.65
4.40
3.48
4.39
3.84
3.59
3.68
4.07
3.46
3.42
3.47
3.92
4.64
3.05
3.88
4.28
2.95
3.65
4.37
3.59
4.15
4.06
3.78
3.45
3.01
3.74
3.34
2.88
2.81
3.96
3.51
3.36
3.80
3.56
3.19
3.83
3.66
3.11
4.23
3.20
3.07
3.41
3.91
3.32
3.37
2.64
2.88
3.57
2.99
3.50
2.95
2.46
