-0.10
0.18
-0.08
-0.11
0.24
-0.37
0.05
0.09
6.90
16.79
37.37
24.15
12.11
7.62
8.00
9.13
10.00
8.05
5.85
5.01
5.25
5.30
5.18
5.77
6.48
5.67
5.88
5.57
5.78
4.81
4.19
4.71
4.58
4.20
4.28
4.45
3.68
3.63
3.69
3.68
3.56
3.77
3.88
3.71
3.67
3.72
3.10
3.10
3.47
3.20
3.32
3.43
3.64
2.97
3.30
3.45
3.06
2.66
2.81
3.14
2.69
2.30
2.17
2.05
2.61
2.07
2.65
2.30
2.10
2.67
1.94
2.16
1.88
1.75
2.27
2.06
2.62
1.82
1.94
2.44
1.63
2.46
2.02
2.03
2.33
2.44
2.59
1.56
2.07
2.09
2.24
2.36
2.16
2.38
1.86
1.91
1.76
1.66
1.83
1.24
