0.08
0.15
0.06
0.10
0.03
0.08
-0.11
-0.21
0.05
-0.15
0.07
-0.06
0.43
10.93
25.74
32.28
31.51
26.89
23.38
18.10
14.58
11.40
9.83
8.59
8.50
8.81
7.66
8.08
7.67
8.09
7.59
7.63
7.87
7.83
8.20
7.99
8.05
8.04
7.52
7.99
7.43
7.69
7.18
7.07
7.05
6.59
6.62
6.14
6.90
6.62
6.26
6.51
6.13
6.42
5.91
5.86
6.35
5.96
5.80
5.85
5.25
6.12
5.49
6.32
5.59
5.49
5.39
5.30
5.65
5.32
5.10
5.33
5.45
5.41
5.68
4.85
5.06
5.53
5.21
5.43
4.94
4.81
4.83
4.92
5.12
4.95
4.93
4.93
4.49
4.67
4.53
4.59
4.80
4.44
4.54
4.40
4.63
4.46
4.88
4.27
4.50
4.88
4.57
4.34
4.72
3.95
5.08
4.01
4.35
4.33
3.93
4.61
4.29
4.31
4.06
4.08
4.05
4.30
3.92
3.65
4.49
4.10
4.26
4.06
3.75
4.26
3.77
4.00
4.46
3.76
4.51
4.24
4.21
4.12
3.91
4.33
3.73
4.21
3.82
4.01
3.95
3.72
3.62
3.45
4.24
3.96
4.27
3.86
3.64
4.46
