-0.03
-0.04
-0.25
-0.23
0.51
0.03
0.31
-0.03
-0.10
-0.18
1.74
29.94
25.96
44.97
69.62
55.73
28.06
18.02
15.53
18.85
25.51
27.56
28.97
24.46
20.39
21.01
15.17
16.58
16.35
16.78
15.38
14.78
16.47
14.90
16.03
15.09
14.66
16.07
15.06
15.24
14.40
14.29
14.92
13.74
15.48
13.83
14.69
13.46
13.49
14.16
12.37
14.68
14.20
14.06
13.88
12.27
13.17
12.04
13.73
14.88
11.34
12.93
12.23
12.69
11.51
11.16
12.22
11.13
12.79
11.25
12.42
10.39
10.71
12.25
10.22
11.62
11.18
10.47
10.33
10.17
11.19
10.11
11.79
10.46
9.23
10.40
9.38
10.66
10.51
10.34
9.95
8.35
10.55
9.45
10.79
9.24
8.96
11.16
8.88
10.22
8.86
9.13
9.15
7.51
9.10
8.30
8.81
8.71
8.10
9.04
8.23
9.79
8.84
9.07
9.01
6.75
9.60
7.92
8.78
8.50
9.04
8.96
7.85
8.58
7.83
8.35
8.56
7.57
8.81
7.72
8.96
7.89
6.53
8.42
7.68
8.68
8.81
7.84
7.66
5.91
8.17
7.23
8.47
8.06
6.77
7.60
6.53
7.91
7.10
8.63
