-0.03
0.04
0.06
-0.06
-0.05
0.04
-0.02
0.22
4.66
22.45
36.03
25.49
9.54
5.20
4.81
5.40
7.57
8.34
7.76
6.94
5.66
6.38
6.02
6.74
7.28
7.28
7.86
6.91
7.07
6.63
6.26
6.33
6.02
6.11
5.64
5.70
5.57
4.91
5.21
5.15
5.38
5.15
5.06
5.33
4.86
5.21
4.66
4.42
4.38
4.40
4.74
4.31
4.47
4.56
4.30
4.04
4.20
4.30
3.79
3.82
3.80
3.65
3.72
3.67
4.05
3.49
3.67
3.36
3.55
3.91
3.08
3.37
3.39
3.27
3.40
3.19
3.66
3.20
2.90
3.20
3.20
3.28
2.69
3.08
2.79
2.62
3.08
3.14
3.01
2.83
2.88
2.90
2.81
2.97
2.79
2.88
3.01
2.84
2.58
2.47
