0.15
0.00
-0.02
0.01
-0.15
0.00
-0.04
0.01
0.05
0.68
25.19
36.63
37.76
29.36
19.57
11.83
6.52
4.59
4.52
5.66
6.71
7.65
7.16
6.03
6.05
5.22
4.51
4.53
4.21
4.94
4.80
4.95
5.10
4.69
4.88
4.54
4.53
4.36
4.59
4.37
4.39
4.52
4.29
4.35
4.09
4.12
4.00
3.46
3.94
3.74
3.68
3.51
3.32
3.71
3.43
3.71
3.61
3.27
3.29
3.45
3.43
3.11
3.12
3.58
3.17
3.28
3.18
3.40
3.18
3.12
3.41
3.04
3.19
3.09
3.05
2.94
3.01
3.09
2.90
3.24
2.98
2.88
3.09
2.78
2.98
3.05
2.90
2.94
2.97
3.09
2.82
2.81
2.94
2.73
3.00
2.74
2.98
2.75
2.77
2.79
