0.57
0.20
0.02
-0.05
0.13
-0.09
0.10
-0.11
0.06
-0.08
-0.16
2.68
30.03
63.65
57.61
45.57
29.61
16.61
9.39
6.66
5.10
4.59
7.25
10.35
12.89
13.33
12.13
10.71
9.90
9.44
8.49
6.96
6.84
7.25
7.40
6.93
7.12
7.85
8.10
7.61
6.76
6.88
5.97
7.63
7.18
6.81
6.83
6.91
7.01
6.75
7.37
6.67
6.72
6.64
7.19
6.51
6.01
6.64
6.14
6.34
5.71
6.36
6.09
5.06
5.62
5.22
5.85
6.19
5.85
5.67
5.60
5.74
5.22
5.24
5.29
5.35
5.69
5.27
5.30
5.40
5.25
5.28
5.00
4.02
4.84
4.97
5.73
4.31
4.99
4.50
4.71
5.38
4.68
5.01
4.19
5.17
4.94
5.08
4.60
4.55
4.19
4.84
5.12
4.52
4.12
5.20
4.81
4.10
4.36
4.25
4.39
3.79
3.85
3.52
3.82
4.92
4.19
4.14
3.79
4.75
3.93
4.08
3.90
3.76
4.92
4.27
4.15
3.88
3.53
4.72
3.76
3.49
3.56
3.59
3.98
3.03
3.20
3.27
3.65
3.85
3.84
3.05
3.14
4.36
3.40
3.62
3.53
3.65
3.96
3.98
