-0.25
-0.41
-0.04
0.09
0.21
0.29
-0.13
-0.32
3.33
19.63
22.96
26.23
15.65
9.36
5.25
4.31
4.03
6.49
8.02
8.15
7.20
5.70
5.63
5.54
5.16
5.12
5.56
5.26
5.56
5.92
5.31
4.99
5.55
5.34
4.20
4.22
4.44
4.68
4.73
4.50
4.12
4.66
4.46
4.37
4.07
3.83
3.63
3.84
3.51
3.21
3.55
3.16
3.68
3.64
2.92
3.13
3.84
3.43
2.89
2.43
3.21
3.05
2.62
3.08
2.28
3.15
2.71
2.95
2.75
2.74
3.00
3.27
3.01
2.84
2.31
2.34
2.37
2.55
2.21
2.63
2.97
2.83
2.29
2.32
2.52
2.22
2.57
2.37
1.61
2.54
2.61
2.54
2.42
1.88
2.85
2.24
2.72
1.83
2.53
2.17
