-0.50
0.67
-0.78
0.05
0.20
-0.03
-0.16
0.57
0.18
-0.76
0.09
1.78
18.07
39.21
44.73
45.31
29.32
18.48
10.64
6.45
6.08
4.96
8.33
8.06
6.04
7.10
4.69
6.25
4.26
4.20
5.45
4.95
5.73
5.27
5.24
4.82
5.05
5.20
4.84
6.22
5.15
5.64
4.63
4.66
4.53
4.01
3.72
4.14
4.76
4.83
3.42
5.10
2.70
3.75
4.98
3.51
4.63
3.61
6.16
2.84
3.28
3.32
2.70
5.07
3.52
4.09
3.34
2.38
3.42
2.44
3.36
3.07
4.30
4.74
3.46
4.16
2.85
4.05
3.79
2.90
4.72
2.80
4.57
2.61
3.58
3.17
3.53
4.15
2.81
3.99
2.06
2.81
3.48
2.38
4.05
2.85
2.98
4.26
2.71
2.71
1.80
2.76
4.18
2.51
3.46
1.88
3.44
2.38
2.73
3.34
1.97
3.73
2.14
2.50
1.93
2.38
3.52
2.23
2.54
2.45
1.89
3.55
2.52
2.57
1.89
3.04
2.94
2.38
3.31
1.96
3.58
1.98
3.13
2.81
2.49
3.42
2.11
3.23
2.04
2.69
2.85
2.32
2.41
2.12
2.02
3.31
2.23
2.49
2.17
2.84
