0.05
-0.07
0.26
-0.02
0.12
-0.07
-0.08
0.03
0.04
-0.26
-0.17
3.69
6.63
19.03
26.64
26.08
25.91
23.23
17.47
11.50
9.26
7.64
7.78
8.03
10.39
10.29
8.40
9.06
8.40
7.46
6.99
6.77
6.82
5.95
7.28
7.79
7.42
7.72
7.63
7.28
7.10
7.76
8.05
7.35
8.13
7.88
8.80
9.40
8.07
7.71
7.81
8.11
7.82
7.84
7.49
6.58
6.47
6.06
6.76
6.10
5.34
5.83
5.29
5.14
5.38
5.11
5.48
4.89
5.85
5.23
4.93
5.63
5.20
5.80
5.82
5.98
5.20
5.43
5.76
4.46
5.23
5.17
5.61
5.12
5.62
5.09
4.84
5.66
5.28
5.50
5.00
5.05
5.86
5.34
5.28
5.52
5.44
5.13
5.90
5.54
6.28
6.90
6.91
6.46
6.50
6.35
6.67
6.68
6.58
5.88
6.72
6.73
6.12
6.81
6.64
6.06
6.66
6.76
7.73
6.51
7.09
6.57
5.65
6.71
5.63
6.27
5.73
5.21
5.02
5.06
6.01
5.82
5.83
6.02
5.48
5.55
6.19
6.53
6.26
6.48
5.95
5.13
5.93
5.29
4.91
5.20
5.19
5.60
5.52
5.22
