0.00
0.06
-0.01
0.24
0.03
-0.07
0.15
-0.02
-0.04
-0.33
0.47
3.01
13.06
21.82
26.39
21.94
17.13
12.14
8.94
7.64
8.64
7.80
9.19
9.20
8.44
8.41
7.20
6.94
6.35
5.93
6.84
6.43
6.50
7.32
7.17
6.48
6.90
6.47
6.51
6.06
6.45
7.06
6.18
6.41
6.07
6.85
6.34
6.00
5.89
6.26
5.75
5.85
5.71
5.72
6.01
6.14
6.02
6.11
5.96
4.89
5.32
5.17
4.98
3.74
4.31
4.96
5.19
5.27
5.16
5.18
5.05
5.06
4.89
4.40
4.63
4.48
4.89
4.81
4.19
4.49
4.87
5.26
4.25
4.21
4.59
4.49
4.32
4.31
4.68
4.51
4.89
4.34
4.55
4.28
4.54
4.27
4.13
4.76
4.65
4.37
4.44
4.02
3.90
3.99
3.59
4.32
4.27
3.74
4.12
3.73
3.99
3.93
4.26
4.06
3.64
3.73
4.10
3.60
3.83
3.68
3.04
3.52
4.29
3.89
4.06
4.30
3.48
4.10
3.79
3.77
3.67
3.64
3.77
3.76
3.91
3.27
3.62
3.65
3.81
3.46
3.68
3.42
3.82
3.79
3.50
3.97
3.61
3.78
3.99
3.61
