0.23
-0.08
0.06
0.02
-0.17
0.03
0.24
0.44
0.07
23.39
47.35
33.54
17.33
8.57
6.21
5.54
7.84
9.05
8.63
8.42
6.81
6.13
5.95
5.27
6.35
6.99
5.93
5.54
5.05
5.30
4.94
5.12
5.21
5.38
5.23
4.86
5.19
4.77
5.10
4.65
5.25
4.69
4.30
4.88
4.64
3.92
3.92
4.40
4.76
4.00
4.09
3.93
4.04
3.79
4.22
4.22
3.71
4.44
4.40
3.60
3.76
3.76
4.07
3.59
3.61
4.05
2.95
3.33
3.14
3.00
3.40
3.15
3.68
3.04
3.28
3.69
2.80
3.19
3.19
3.42
3.21
3.31
3.47
2.69
3.02
3.07
3.25
3.35
3.01
3.66
2.90
2.79
2.61
2.95
3.25
3.27
3.45
3.49
3.01
2.97
