0.12
-0.14
-0.36
0.07
-0.18
0.56
0.05
-0.28
-0.11
0.40
-0.11
9.30
22.84
22.94
26.76
24.22
15.88
10.27
7.15
6.34
8.29
9.20
11.32
10.26
9.60
9.22
6.82
6.92
5.64
6.69
5.83
6.19
6.10
6.30
6.45
6.68
5.86
5.87
5.91
6.08
6.40
6.30
5.72
6.09
6.38
5.83
6.60
5.13
6.33
6.15
5.36
6.38
4.66
5.93
5.38
5.83
6.03
5.13
5.09
5.26
5.31
4.59
4.59
4.78
4.95
5.05
5.22
4.92
5.16
4.73
5.37
4.30
5.19
5.34
5.25
4.55
4.45
4.60
4.48
4.11
4.38
4.25
4.43
4.57
4.51
4.33
3.91
4.74
4.34
4.56
4.67
4.08
4.77
4.21
4.77
3.87
4.19
4.48
4.30
4.77
3.81
4.39
4.55
4.31
4.15
3.84
4.48
4.09
3.92
4.33
3.50
4.09
4.19
5.17
3.99
3.93
4.42
3.79
4.19
3.96
3.97
4.30
4.29
4.43
3.71
4.24
3.69
3.87
4.13
4.05
4.20
4.02
3.83
3.72
3.32
4.03
3.32
4.23
4.15
4.23
4.04
3.38
4.72
3.61
4.26
3.77
4.00
4.29
3.76
3.79
