-0.94
-0.55
-0.12
-0.17
-0.80
-0.05
0.77
-0.90
0.36
0.31
0.87
0.31
4.62
33.30
47.00
48.36
44.07
31.77
24.34
16.83
14.00
11.19
10.08
11.50
11.67
12.21
13.64
12.71
11.99
11.46
11.63
11.23
9.45
10.14
9.57
9.97
9.03
9.49
11.06
10.05
11.52
10.73
9.03
9.61
10.90
9.11
11.36
9.93
8.98
9.47
9.25
9.40
8.11
8.64
8.52
8.35
8.06
8.96
7.46
7.17
7.65
7.17
6.92
7.34
8.04
8.28
6.39
5.86
7.27
6.06
7.97
8.86
8.87
8.30
7.34
7.48
6.88
6.85
7.50
7.39
6.22
7.32
6.75
5.45
6.46
6.56
5.40
6.06
6.51
7.12
4.57
4.92
5.31
5.57
6.08
7.56
7.38
6.23
6.25
6.22
5.79
5.25
5.50
6.17
5.81
4.99
5.64
4.68
4.70
5.16
4.51
5.47
4.82
4.84
4.45
4.28
4.77
3.70
5.79
6.06
5.64
5.03
4.92
5.11
4.21
4.17
4.85
4.65
4.41
5.35
4.70
3.54
3.73
4.65
4.45
4.48
4.82
4.89
3.25
3.24
5.69
4.33
5.09
5.11
4.67
5.06
4.38
5.03
3.71
4.09
