0.21
-0.17
-0.15
-0.28
0.22
0.05
0.09
-0.13
0.18
0.07
0.15
0.18
9.12
24.97
28.13
34.01
49.22
44.71
28.75
19.51
13.14
9.74
7.17
6.05
6.66
6.88
9.04
9.44
9.50
9.77
8.07
8.23
6.89
5.69
6.48
5.31
5.79
5.90
6.27
6.04
5.92
7.24
7.03
6.23
6.34
5.57
5.62
5.59
6.61
5.45
5.93
6.30
6.27
5.88
5.48
6.75
5.39
6.02
5.66
6.15
5.10
5.18
5.89
5.67
4.83
5.33
5.23
5.03
5.10
4.87
4.79
4.27
5.35
4.46
4.53
4.96
4.79
4.68
4.13
4.76
4.44
4.43
4.49
4.22
4.01
3.89
5.12
3.77
4.10
3.81
3.93
4.28
3.72
3.85
3.76
3.94
4.55
3.39
4.06
3.77
3.21
4.00
3.52
3.69
4.01
4.17
3.77
4.11
3.49
3.25
4.03
3.71
3.65
3.62
3.28
3.84
3.03
3.10
3.28
2.72
3.60
3.06
3.44
3.26
3.17
3.59
3.32
3.13
3.83
3.36
2.95
3.36
3.52
3.09
3.34
2.96
3.03
3.89
3.11
2.99
2.68
2.41
2.31
2.61
3.69
2.94
2.65
2.88
3.11
2.55
