0.14
0.09
-0.03
-0.10
-0.03
0.01
-0.22
0.29
-0.22
0.31
24.40
29.80
44.43
58.20
32.69
22.53
11.98
10.19
13.15
16.72
19.67
16.74
17.21
15.78
13.10
12.68
10.62
10.91
11.04
11.51
11.09
9.73
10.56
9.55
10.49
9.40
10.09
10.68
9.59
9.41
8.98
8.94
9.41
9.61
9.69
8.90
8.13
9.30
8.15
9.32
7.61
8.90
8.75
8.55
8.74
7.00
7.79
7.10
7.39
7.66
7.61
7.99
7.68
7.26
7.26
6.76
7.39
7.14
6.59
6.53
6.32
7.41
6.84
7.09
6.35
7.29
6.26
6.58
7.14
5.82
6.58
5.30
5.71
5.47
5.39
6.63
6.00
5.45
5.73
5.27
6.32
5.69
6.22
5.95
5.01
6.02
5.28
5.72
4.72
5.55
5.54
6.16
6.52
5.33
5.91
5.18
5.56
5.20
5.17
5.92
5.08
5.05
5.47
5.49
5.47
5.40
5.50
5.07
5.11
5.86
4.71
5.48
4.43
5.32
5.58
5.00
5.40
4.58
4.78
4.65
5.06
4.74
4.68
5.57
5.12
4.31
4.62
4.26
4.35
4.69
4.62
4.86
4.88
5.13
4.44
4.85
3.91
4.18
4.29
4.23
