0.15
-0.08
-0.14
-0.18
0.15
0.44
-0.11
-0.04
0.02
6.11
22.62
24.95
36.68
56.91
19.19
9.16
5.19
4.53
6.55
8.57
9.33
9.43
9.26
7.28
6.32
6.09
5.41
6.62
6.00
5.91
5.84
7.08
6.23
6.80
5.71
6.26
5.75
6.17
6.73
5.37
5.21
4.84
5.51
5.30
4.83
5.29
4.72
4.33
5.04
4.41
3.81
4.07
4.15
4.50
3.71
4.56
4.34
4.14
3.83
3.60
3.71
3.45
3.87
3.50
3.28
4.08
3.60
4.13
3.38
3.36
3.14
3.04
2.97
2.81
3.10
2.33
2.92
3.06
2.88
2.73
3.27
3.20
3.02
3.10
3.31
3.33
2.95
2.91
3.29
2.91
3.40
2.85
2.98
2.88
2.83
2.99
2.90
2.58
2.95
2.53
