0.08
-0.43
0.29
0.09
0.04
0.29
-0.21
-0.25
-0.11
-0.01
0.29
1.34
3.87
10.45
16.58
18.79
16.33
10.97
7.82
5.34
4.18
4.26
4.69
4.91
5.10
5.44
4.82
3.90
3.71
4.62
4.31
4.43
4.49
4.46
4.67
4.79
4.25
4.48
4.69
4.07
5.05
4.37
4.08
4.65
4.11
4.05
4.31
4.19
4.06
4.40
4.16
4.06
3.63
3.26
3.60
3.78
3.94
3.76
3.80
3.11
3.58
3.00
3.57
2.91
3.42
3.14
3.59
3.30
3.17
2.85
3.39
2.97
3.31
3.68
3.23
3.28
3.49
3.33
2.85
3.09
3.06
3.09
2.65
2.72
2.93
2.72
2.77
2.64
2.74
3.00
3.04
2.83
3.24
2.62
3.13
2.56
2.61
2.98
2.69
2.87
2.84
2.86
2.82
2.62
2.17
2.83
2.21
2.80
2.98
2.48
2.77
2.55
2.47
2.56
2.61
2.14
2.92
2.53
2.78
2.59
2.43
2.54
2.32
2.75
2.70
2.79
2.14
2.81
2.24
2.42
2.13
2.56
2.11
2.35
2.81
1.74
2.48
2.23
2.27
2.61
2.50
2.39
2.69
2.51
2.11
2.26
2.50
2.72
2.29
2.02
