0.40
-0.06
-0.19
0.23
-0.18
-0.02
-0.25
0.39
0.31
-0.03
0.20
-0.23
-0.17
1.13
3.34
6.87
9.53
11.61
11.80
12.12
11.65
10.94
10.56
8.54
7.58
7.07
6.04
6.00
5.86
6.10
5.68
5.73
5.69
5.23
5.68
4.55
4.48
4.45
4.16
4.30
4.48
4.87
4.82
4.70
4.53
4.82
4.90
4.20
4.18
3.75
4.48
4.24
4.26
4.17
4.40
4.71
4.69
4.12
4.61
3.94
4.63
3.85
4.23
4.75
4.21
4.97
4.13
4.38
4.34
4.00
4.13
4.20
4.05
4.45
4.21
4.49
4.64
4.53
4.48
4.28
4.45
3.57
4.38
3.35
3.66
4.09
4.17
4.28
4.45
4.45
3.78
3.96
3.73
3.78
3.78
4.00
4.08
3.91
4.56
4.54
4.16
4.27
3.92
4.00
3.83
4.08
3.31
3.85
4.19
4.16
4.43
4.97
4.63
5.03
5.09
5.11
5.25
4.65
5.44
4.29
4.25
4.17
4.55
4.05
4.04
4.22
3.85
4.10
4.08
3.92
4.03
3.38
3.88
3.80
3.78
3.28
3.74
3.54
3.60
4.14
3.48
3.87
4.07
3.60
3.46
3.21
3.16
3.23
3.21
3.79
