0.08
-0.16
0.34
0.00
-0.26
0.05
0.00
-0.26
0.32
0.35
1.65
24.66
34.54
32.78
33.30
25.87
19.44
13.59
8.43
6.55
5.23
8.98
13.34
12.93
12.24
11.13
9.92
8.06
6.47
7.71
6.47
7.50
8.53
7.63
8.12
7.98
7.57
7.16
7.26
8.21
6.45
6.50
7.04
7.33
6.09
6.32
6.93
5.81
6.50
5.76
5.71
5.66
4.84
6.62
5.66
5.59
6.12
5.70
5.56
5.14
5.11
4.89
5.46
5.62
5.20
5.14
4.99
5.04
4.32
4.90
5.53
4.10
5.05
3.98
5.17
4.46
3.88
4.91
3.99
4.33
5.05
5.00
4.71
4.78
4.87
4.49
4.60
4.17
4.82
4.40
3.86
5.05
3.75
4.38
4.52
4.05
4.55
3.68
4.82
3.56
3.79
4.30
3.31
3.73
4.46
4.36
3.78
3.83
4.03
3.98
3.87
3.83
3.97
3.80
3.58
4.10
3.54
4.01
4.03
2.85
3.83
3.82
4.00
3.45
3.33
3.63
3.38
3.52
3.81
3.59
3.90
3.50
3.06
3.42
3.68
3.83
3.37
3.76
2.95
4.44
3.27
3.42
2.98
3.25
4.21
3.35
3.55
3.93
3.03
4.15
