0.36
0.05
0.07
-0.48
-0.08
0.09
-0.19
-0.18
0.13
0.70
-0.10
2.25
11.94
22.84
26.51
23.95
20.33
17.61
13.93
11.08
9.29
8.64
9.70
10.87
10.26
9.86
9.04
8.53
7.42
7.04
7.10
6.08
6.95
7.34
7.72
7.85
7.63
6.81
7.70
7.53
6.84
6.64
6.66
6.01
5.88
5.97
6.49
5.77
6.43
6.92
6.26
5.92
6.00
6.10
5.88
6.40
6.62
6.35
4.80
6.64
4.67
5.60
5.30
6.36
6.14
5.74
5.90
5.68
5.55
5.45
5.74
5.20
5.41
5.39
4.93
4.98
4.93
4.74
5.06
5.09
6.27
6.28
4.46
5.47
4.86
5.12
5.12
5.63
4.78
4.80
4.91
4.92
4.78
3.96
4.91
4.36
4.99
4.88
4.03
4.92
4.07
5.09
5.38
4.32
4.37
4.55
4.88
4.72
3.98
5.14
4.31
5.21
4.71
4.93
4.20
4.15
4.65
3.86
4.46
3.65
4.36
4.90
4.27
4.34
4.67
4.17
5.28
4.09
4.94
4.36
4.40
4.99
4.14
3.86
4.07
4.92
4.17
4.36
4.07
4.69
4.07
3.44
4.77
3.91
4.22
4.09
3.66
4.38
4.09
3.85
