0.22
0.53
0.16
0.59
-0.47
0.06
-0.37
-0.53
0.44
41.32
59.47
50.25
19.30
5.43
2.06
2.40
6.34
9.49
9.62
9.43
6.47
4.25
3.09
3.19
6.09
5.06
4.97
5.72
4.59
3.15
6.34
3.78
4.81
3.62
4.40
4.78
3.06
4.03
5.15
2.06
2.34
4.59
3.87
3.06
3.87
2.84
2.94
2.44
2.34
2.50
2.06
3.97
2.59
2.47
2.72
1.25
3.44
1.62
2.37
2.47
2.81
1.09
1.94
1.34
3.47
2.50
3.40
1.84
1.78
2.06
1.31
1.53
1.81
1.41
2.47
2.34
2.00
0.94
0.37
1.12
1.47
1.31
0.16
1.41
1.59
0.47
1.03
1.59
1.03
1.47
2.40
0.94
0.97
1.47
0.97
2.47
3.31
3.47
4.44
3.28
