-0.09
-0.17
0.27
0.40
0.03
0.12
-0.09
0.13
-0.36
-0.33
-0.14
6.11
29.50
37.53
72.88
43.95
22.03
12.25
6.96
4.32
4.01
5.03
5.24
6.66
7.86
8.08
7.55
6.23
5.42
5.22
4.52
4.82
3.96
4.41
5.26
4.94
5.70
4.33
5.78
5.78
5.47
5.45
5.02
5.41
4.76
5.59
4.66
4.62
5.64
4.90
5.61
4.36
4.58
4.96
3.97
4.35
4.09
3.50
4.06
3.85
4.35
3.62
3.96
3.94
3.64
3.74
3.89
4.09
3.52
4.29
4.12
3.65
4.04
3.83
3.86
3.85
4.13
3.92
3.21
3.65
3.50
3.03
3.00
2.82
3.23
2.85
3.23
2.86
2.70
3.41
2.81
3.42
3.30
3.21
3.31
3.01
3.33
2.86
3.17
2.93
3.24
2.68
2.48
2.82
2.45
2.31
2.03
2.45
3.01
2.25
2.72
2.35
2.53
2.52
2.22
2.84
2.85
3.01
2.96
2.59
3.26
2.89
3.45
2.82
2.55
2.76
2.04
2.34
2.31
2.30
2.82
2.51
2.78
2.00
2.69
2.72
2.32
2.66
2.43
2.71
1.99
3.07
2.62
2.63
2.59
2.90
2.19
2.57
2.87
3.03
