0.02
-0.17
0.06
-0.02
-0.11
0.10
0.13
0.19
-0.17
4.18
32.15
51.43
26.12
12.28
7.18
5.25
4.97
6.63
10.17
9.78
7.85
7.11
5.96
6.39
6.76
6.55
6.85
6.94
6.22
6.00
5.39
6.32
5.60
5.86
6.25
5.53
4.65
5.89
5.39
5.34
5.00
4.97
4.19
4.35
4.00
4.64
4.29
3.85
4.44
3.97
4.49
4.40
3.92
4.16
3.95
4.42
3.76
3.87
3.83
4.11
3.81
3.43
4.12
4.07
3.57
3.74
3.26
3.48
3.37
3.36
3.14
3.01
3.52
3.19
3.72
3.28
3.20
3.20
3.10
3.74
3.30
3.27
3.24
3.13
2.88
3.03
3.30
3.18
3.09
3.27
2.54
2.80
2.86
3.24
2.64
3.04
3.14
2.82
2.85
2.85
