0.08
-0.17
-0.12
0.09
0.04
-0.08
0.09
-0.17
-0.04
0.36
4.06
26.14
33.84
46.15
47.46
27.94
13.70
8.05
3.70
2.84
3.94
4.89
7.15
7.85
8.04
7.54
6.03
6.43
4.26
4.87
4.80
4.49
5.80
5.58
6.52
6.09
7.08
6.17
5.77
5.22
5.83
5.86
5.52
5.62
5.37
4.95
5.35
4.92
5.08
4.42
4.96
5.43
5.27
5.15
4.32
4.75
4.24
4.66
4.24
4.91
4.30
4.47
4.50
4.28
4.24
4.14
3.98
3.88
4.06
3.54
3.91
3.93
4.05
3.96
3.98
3.68
4.11
3.01
3.70
3.63
3.78
3.54
3.93
3.88
3.78
3.36
3.65
3.30
3.39
3.09
3.24
3.46
3.14
3.34
3.30
2.84
3.35
3.09
3.05
3.50
3.31
3.16
2.97
3.58
2.97
3.65
3.30
3.19
3.58
3.10
3.27
3.06
3.11
2.91
3.03
2.78
2.61
3.03
2.89
2.74
3.01
2.92
2.87
3.35
2.69
2.52
3.08
2.73
2.67
2.73
3.14
3.12
3.19
3.15
3.23
2.50
3.21
3.38
3.02
2.87
2.92
3.15
3.27
2.73
2.62
2.75
2.14
2.79
2.41
2.47
