0.36
-0.04
0.46
-0.29
0.16
0.02
-0.12
-0.15
-0.08
0.05
1.24
9.14
17.46
23.48
23.40
22.64
15.57
10.32
8.60
8.28
8.59
9.76
9.83
9.97
9.00
8.52
7.46
6.64
6.60
7.05
7.05
6.14
6.78
6.95
7.15
7.05
6.77
7.34
6.87
7.10
6.77
6.12
6.74
6.92
7.31
6.91
7.23
6.97
6.23
7.14
6.71
6.79
6.34
6.66
7.15
6.32
6.73
5.97
6.19
6.09
6.40
6.47
6.66
6.75
6.11
6.13
6.41
6.21
6.54
6.57
6.59
6.71
6.51
6.69
6.20
6.80
5.69
6.69
6.53
5.80
6.39
5.83
6.29
5.77
6.37
6.83
5.60
6.14
6.20
5.78
6.00
6.08
6.40
6.01
6.08
6.21
5.57
6.55
5.60
6.03
5.63
5.94
6.06
5.15
6.07
5.72
5.68
5.57
5.30
6.09
5.10
5.77
5.77
4.93
5.72
5.30
5.65
6.02
5.22
5.50
5.40
5.21
5.38
4.97
5.49
5.45
5.74
5.38
5.23
4.89
4.62
5.24
4.89
5.33
4.91
5.14
5.11
4.72
4.88
4.93
5.05
5.41
4.94
5.50
5.20
5.25
5.37
4.91
5.56
5.58
