0.16
-0.94
0.53
0.13
0.64
-0.01
-0.27
0.05
0.27
-0.46
-0.07
-0.05
12.83
46.11
74.58
77.44
76.48
54.81
34.86
16.98
8.84
5.10
4.07
3.63
7.36
8.45
10.10
9.77
9.29
9.10
6.82
4.22
4.50
2.49
5.55
3.76
4.48
4.55
5.24
4.42
4.58
6.36
5.07
3.69
5.19
4.55
3.89
3.92
4.97
4.23
4.27
4.44
5.72
3.57
2.63
4.13
3.74
4.48
4.99
3.97
3.30
4.11
2.37
3.87
2.39
4.51
5.05
3.30
3.12
4.03
2.58
2.66
3.46
3.48
3.50
3.38
3.21
3.03
1.52
2.70
2.90
2.90
2.63
2.23
3.03
3.05
3.39
2.61
3.02
3.62
3.72
2.19
3.23
1.82
2.30
1.88
2.87
1.84
2.31
2.15
2.99
2.43
1.18
1.86
2.96
2.11
4.14
3.18
3.19
2.50
1.96
2.70
2.36
3.83
4.75
3.27
3.43
1.77
2.00
1.65
2.53
1.67
2.37
1.67
3.14
3.18
1.22
2.35
2.62
1.25
2.65
2.69
1.96
2.02
1.20
2.61
1.31
3.07
1.97
2.96
2.34
2.92
2.29
1.72
2.99
2.18
2.21
1.76
2.69
1.53
