0.12
0.35
0.10
-0.16
-0.17
0.76
-0.08
-0.13
0.03
-0.20
-0.46
1.37
25.21
46.63
51.60
47.81
29.34
17.66
9.87
6.87
4.13
3.54
5.12
5.31
7.23
6.82
6.36
5.87
4.77
5.36
3.78
4.79
4.75
5.54
5.31
6.47
6.77
5.90
6.90
7.10
5.82
6.20
5.24
6.22
5.05
5.21
5.29
4.04
6.11
4.73
5.18
4.92
4.35
4.43
3.97
4.56
4.42
4.13
4.23
4.37
4.65
3.88
4.70
4.24
3.67
4.07
3.60
3.65
3.70
2.83
4.03
3.63
4.13
4.09
4.41
4.34
4.01
4.76
4.06
3.83
3.85
3.88
3.76
3.63
3.73
3.35
3.08
3.79
3.87
4.25
3.90
3.71
3.52
3.46
3.47
3.42
3.97
3.88
4.03
3.53
3.43
3.85
2.99
3.61
3.59
3.17
3.43
3.56
3.62
3.04
3.16
3.82
3.06
3.24
2.81
3.33
3.89
3.12
3.70
3.37
3.26
3.17
2.95
3.38
2.37
3.47
3.12
3.14
3.63
3.14
3.45
3.59
3.76
3.48
3.54
3.75
3.28
3.69
3.03
2.86
3.17
2.48
3.30
2.44
3.12
3.52
2.61
2.46
2.17
3.19
