-0.10
0.01
0.09
-0.09
0.03
0.15
0.16
-0.22
-0.12
-0.10
3.75
17.44
18.40
22.04
17.29
9.71
3.95
2.91
2.25
2.57
3.37
4.47
6.03
4.86
5.15
4.04
2.99
3.40
3.02
3.66
3.05
3.41
4.14
3.11
4.10
4.02
3.29
3.68
3.28
3.67
2.95
3.42
3.66
3.55
3.44
2.84
3.19
2.62
2.71
2.93
2.78
2.62
2.70
3.01
2.49
1.92
2.90
2.13
3.12
2.50
2.12
2.58
2.02
2.40
2.00
2.39
2.33
2.40
2.67
2.72
2.25
1.60
2.15
2.59
1.89
2.77
2.20
2.65
2.14
1.87
2.14
1.68
2.68
2.10
1.79
2.17
1.82
2.89
1.96
2.58
2.76
2.49
1.79
2.52
2.63
1.71
2.09
2.54
2.19
2.81
1.94
2.37
1.91
1.57
2.81
2.29
2.11
2.10
2.30
2.45
1.71
2.40
1.94
2.07
2.08
2.02
1.65
2.11
2.29
1.83
1.73
2.41
1.90
2.40
2.18
2.21
1.76
1.41
2.44
1.39
2.27
2.17
1.80
1.53
1.58
2.30
1.33
2.12
2.00
2.28
1.72
2.16
2.08
1.86
1.55
2.57
2.13
2.52
1.81
1.92
