-0.10
-0.09
0.16
0.28
-0.10
0.08
-0.31
-0.50
19.82
42.65
58.37
20.65
8.33
4.48
8.93
12.38
10.64
8.39
7.28
6.51
7.50
7.84
8.23
6.74
6.53
6.85
6.67
7.78
8.33
8.37
8.51
7.57
7.37
6.72
6.83
6.77
6.13
6.25
6.07
6.55
5.82
5.76
5.68
4.85
5.90
5.10
5.02
4.89
5.48
5.08
4.58
5.92
5.35
5.57
4.55
4.19
4.54
4.38
5.00
4.92
4.63
4.59
4.13
4.62
4.48
4.76
4.72
4.59
3.68
4.27
3.77
3.67
4.41
4.44
4.29
3.95
3.54
4.50
3.41
3.74
3.26
2.78
4.00
3.68
4.37
4.63
3.10
3.08
3.76
4.09
3.67
2.73
3.88
4.10
3.94
2.51
3.27
2.83
3.32
4.03
