-0.09
0.00
-0.24
0.17
0.07
0.25
-0.14
0.26
-0.28
-0.34
1.77
2.11
8.32
16.06
18.66
20.35
17.82
12.37
8.05
6.34
7.09
7.79
7.93
8.50
8.34
7.62
6.81
6.42
5.99
6.54
6.65
6.35
6.10
6.70
6.45
6.53
6.97
6.77
6.67
6.60
6.67
6.60
6.58
6.75
6.93
6.73
7.10
7.18
6.58
6.88
6.66
6.38
6.30
6.88
6.28
6.36
6.38
6.77
5.91
6.30
6.06
6.09
6.52
5.94
5.70
6.56
5.81
6.10
6.08
6.19
6.16
5.58
5.90
5.72
5.95
6.05
6.03
6.10
5.80
5.86
6.10
5.99
5.95
5.88
5.80
6.25
6.18
5.98
5.86
6.25
6.35
5.96
6.06
5.79
5.96
5.78
5.93
5.71
5.60
6.10
5.62
5.72
5.46
5.95
5.99
6.09
5.80
5.62
5.88
5.58
5.91
5.86
5.73
5.92
5.96
5.61
5.84
5.26
5.72
4.50
4.48
5.14
4.98
5.20
5.05
5.18
4.95
5.07
5.31
5.12
4.80
4.69
5.20
5.12
4.91
5.07
5.63
5.28
4.95
5.01
5.32
5.00
5.40
5.11
5.32
5.46
4.82
5.69
5.53
5.68
