0.24
0.10
-0.38
0.29
-0.02
-0.19
-0.15
-0.34
0.03
-0.09
-0.05
0.32
0.46
3.01
14.40
35.25
43.39
42.08
34.34
25.67
18.85
14.00
13.25
9.67
9.15
9.79
8.39
7.34
7.74
8.13
8.64
7.99
7.46
6.40
5.43
5.76
5.17
3.83
5.29
5.21
5.38
6.42
5.43
5.60
5.91
4.83
6.95
5.62
4.76
5.41
5.28
5.72
5.38
4.66
4.13
4.95
4.25
4.61
4.99
4.95
5.60
3.84
5.26
4.85
3.81
4.13
4.08
3.52
4.18
3.79
4.00
3.93
3.21
4.73
3.59
4.10
3.23
3.40
3.55
3.59
3.88
3.76
3.84
4.08
3.42
3.54
3.43
3.45
3.04
3.13
3.23
3.47
3.57
3.54
3.67
2.19
3.24
3.42
2.66
3.60
3.86
4.10
3.52
4.68
4.32
4.15
4.25
3.64
4.68
4.13
5.14
3.31
3.93
4.08
3.84
2.90
3.65
3.65
3.98
3.81
4.05
4.78
3.59
4.34
4.49
4.51
2.75
3.98
3.21
3.07
2.87
2.78
2.80
3.36
3.28
3.33
3.60
3.47
3.52
2.92
3.47
3.30
4.39
3.21
4.03
3.81
2.92
3.42
2.78
2.83
