0.99
-0.46
0.35
-0.70
-0.20
0.78
-0.20
0.25
-0.65
0.73
0.15
0.88
2.12
27.22
59.74
66.10
53.31
45.06
25.54
16.76
9.16
5.80
4.11
2.93
5.59
4.78
7.22
6.31
7.73
8.71
4.86
4.70
4.19
4.13
4.16
3.10
5.18
4.61
5.00
4.43
5.46
3.90
5.40
5.77
4.95
6.14
5.51
4.75
4.86
3.71
5.32
3.35
3.76
4.62
3.18
3.43
4.73
4.81
3.71
3.90
4.41
3.41
3.31
4.01
4.38
2.88
3.74
4.03
3.44
4.56
4.06
2.55
4.16
1.53
4.49
2.44
3.04
4.02
3.25
3.34
4.47
4.43
3.00
4.07
3.87
4.22
4.08
2.71
3.73
1.20
2.98
2.42
2.94
3.84
2.66
3.06
3.66
3.31
3.35
1.96
2.69
3.21
2.25
2.53
2.70
3.28
2.82
3.42
3.80
3.31
3.43
2.22
3.31
1.32
2.21
2.47
1.46
2.22
2.97
2.62
3.42
1.68
3.84
1.44
2.49
3.21
1.57
2.19
1.59
1.67
2.24
1.67
2.83
2.45
3.67
2.21
3.06
2.33
2.39
2.30
1.69
2.94
1.51
2.85
2.54
0.83
1.60
1.99
1.37
2.87
