-0.10
-0.15
-0.27
0.57
0.16
0.14
-0.11
-0.12
-0.12
-0.07
3.93
25.85
40.24
44.37
40.24
24.82
20.82
15.85
14.67
13.76
14.49
14.78
14.74
15.96
14.25
13.60
13.67
11.97
11.66
12.45
12.38
12.42
13.01
12.25
12.29
11.55
11.38
10.45
10.35
10.00
9.35
9.94
9.96
9.37
9.22
9.40
9.92
8.76
8.95
9.08
8.59
9.18
7.97
8.61
7.76
7.91
7.76
7.28
7.58
7.66
7.52
7.47
6.82
6.80
6.53
6.98
7.25
7.28
7.01
6.88
7.18
6.28
6.98
6.74
6.84
7.38
6.22
6.70
6.44
6.19
6.30
5.68
5.96
6.11
5.83
5.95
6.03
5.71
5.67
5.54
5.29
5.58
5.65
5.20
6.03
5.22
5.51
5.87
5.65
5.69
5.33
5.47
5.03
4.96
5.27
5.03
4.99
5.30
4.97
5.06
4.76
4.70
4.70
5.14
4.61
4.71
4.63
4.41
5.05
4.15
4.73
4.69
4.42
4.66
4.50
4.64
4.20
4.54
4.38
4.44
4.88
4.57
4.23
4.25
4.28
4.20
4.21
4.43
4.35
4.42
4.58
4.26
4.44
4.38
4.62
4.53
4.15
4.42
4.55
4.18
