-0.16
-0.26
0.10
-0.03
-0.09
0.38
-0.17
0.10
-0.07
5.95
32.15
30.82
28.06
15.32
8.68
5.84
4.84
5.53
7.58
7.96
7.25
6.47
5.16
4.23
3.23
2.96
3.19
3.46
3.53
3.89
4.26
3.97
3.94
3.60
3.66
3.28
3.56
3.79
3.76
3.56
3.86
3.59
3.66
3.40
3.05
3.21
3.18
3.43
3.33
2.91
2.95
2.93
3.21
2.89
2.40
2.48
2.45
2.52
2.83
2.48
2.91
2.67
2.49
2.52
2.62
2.82
2.28
2.62
1.74
2.45
2.54
2.34
1.82
2.14
1.96
2.08
1.95
2.06
2.10
2.20
1.93
2.04
2.35
1.96
2.28
2.33
1.91
1.91
2.05
1.69
1.97
2.00
1.54
1.83
1.87
2.58
1.97
1.71
1.97
2.09
