0.10
0.10
-0.04
0.12
-0.13
0.09
-0.11
0.10
0.02
-0.11
1.71
21.78
37.73
38.36
37.41
35.52
19.97
9.81
5.74
3.36
4.51
6.87
8.57
11.11
10.76
10.13
7.88
6.32
5.54
4.30
5.28
5.31
5.95
6.38
7.09
7.86
7.10
6.96
7.18
6.89
6.13
7.18
6.94
6.17
6.56
6.53
6.43
6.91
6.31
6.37
6.12
5.73
6.00
5.75
5.26
5.02
5.54
4.72
5.16
5.25
4.60
4.76
4.62
5.71
4.91
4.71
5.10
5.41
4.64
4.53
5.44
4.54
4.70
5.21
5.10
5.01
4.62
3.92
4.35
4.03
4.35
4.28
4.23
4.69
3.83
3.91
3.49
4.29
4.42
4.41
3.95
3.45
4.03
3.96
4.15
3.62
4.01
4.09
4.06
3.83
3.76
3.81
3.96
3.80
4.07
3.93
4.17
4.25
3.88
3.50
3.60
3.72
3.58
3.93
3.53
3.33
3.91
3.51
3.21
3.13
3.54
3.84
2.26
3.00
2.80
2.81
2.99
3.23
3.40
2.71
2.91
3.07
2.35
2.57
2.70
2.62
2.73
3.02
2.51
2.88
2.58
2.56
2.23
2.18
2.61
2.72
2.53
2.68
2.45
2.08
