0.16
-0.20
0.17
0.03
-0.15
0.22
-0.48
0.37
-0.09
0.47
-0.26
-0.05
1.86
12.37
28.55
39.37
34.84
22.89
16.99
13.80
10.87
9.61
9.56
9.19
10.42
11.38
11.45
11.20
10.01
8.94
8.46
9.90
8.39
7.81
8.43
9.18
10.48
11.12
11.38
10.91
11.32
9.62
9.79
9.36
8.68
7.90
9.01
8.61
8.90
8.25
8.82
9.21
8.66
8.66
7.89
8.78
7.51
8.91
7.60
7.78
7.66
7.37
8.28
7.63
7.96
7.32
7.31
7.11
7.07
7.58
7.34
7.82
7.72
8.34
7.34
6.73
6.95
6.63
6.79
6.40
7.20
7.03
6.25
6.10
6.80
6.39
6.89
6.15
5.99
6.66
5.92
6.81
5.71
6.82
5.70
5.75
5.76
6.12
6.23
5.61
5.31
5.72
5.57
6.03
5.61
5.56
5.29
5.24
5.57
4.96
5.45
5.53
5.64
5.12
5.36
5.47
4.62
5.29
5.05
4.74
4.92
4.71
4.82
5.16
5.26
4.80
4.88
5.33
5.47
5.18
5.01
5.02
5.29
4.48
5.05
5.19
5.64
4.77
4.77
4.65
3.96
4.66
4.57
4.53
4.37
4.97
4.54
4.69
4.64
4.78
