0.03
0.10
0.37
0.07
-0.58
0.09
-0.18
0.18
-0.27
0.24
0.85
11.69
24.79
25.68
27.40
23.44
16.14
9.43
7.51
6.23
6.74
7.21
9.10
10.05
9.90
9.51
7.88
7.73
6.43
6.29
5.51
5.55
5.80
6.63
6.39
6.44
6.88
7.09
7.33
6.25
6.84
6.31
6.32
5.44
5.68
5.79
5.89
5.54
4.84
4.96
4.91
5.49
4.92
4.93
5.37
5.65
5.04
5.10
4.47
4.20
5.08
5.05
5.24
4.52
5.43
5.33
5.18
3.79
4.55
4.90
4.42
4.99
3.94
4.18
3.88
4.38
3.89
3.25
4.18
4.19
3.32
4.12
3.55
3.20
3.70
4.26
4.54
3.75
3.92
4.13
4.33
3.80
3.63
3.51
3.90
4.55
3.32
3.58
3.44
4.14
3.31
3.75
2.96
3.58
3.89
3.97
3.50
3.55
3.84
3.69
3.86
2.99
3.84
4.11
3.95
3.41
3.76
3.03
3.78
3.85
3.01
3.50
2.79
3.93
3.21
3.30
3.83
3.62
3.47
3.28
3.15
2.82
3.45
3.12
3.43
2.75
3.39
3.01
3.54
3.03
3.38
3.10
2.89
3.39
2.86
2.53
2.69
3.55
2.87
2.90
