0.10
-0.11
-0.13
-0.05
-0.32
-0.10
0.02
-0.04
0.08
-0.06
0.44
0.21
5.42
16.78
22.59
23.42
20.05
19.79
17.02
15.13
15.33
14.50
13.88
14.36
13.13
12.91
10.60
10.04
9.98
10.20
9.40
9.09
9.35
8.87
9.97
9.36
9.46
9.37
8.94
9.07
8.54
8.63
8.20
8.34
8.40
8.15
8.39
8.08
8.39
8.31
8.17
8.34
7.66
7.82
7.60
7.57
7.77
7.18
8.11
7.42
7.88
7.50
7.87
7.86
7.62
7.56
7.40
7.91
7.57
7.45
7.59
7.29
7.27
7.17
6.66
7.14
6.40
7.14
7.04
6.36
6.33
5.87
6.77
6.48
7.05
6.82
7.03
7.19
6.70
6.46
6.47
7.14
6.70
6.72
6.66
6.51
6.44
6.08
6.12
6.01
5.82
6.21
5.77
5.91
5.39
5.19
5.85
5.19
5.18
5.04
5.36
5.09
5.28
5.25
4.94
5.45
5.83
5.34
5.28
4.98
5.09
4.68
4.48
5.04
4.48
5.15
4.75
5.04
5.29
4.76
5.44
4.78
5.09
4.75
4.90
5.23
4.50
4.88
4.76
4.85
4.60
4.65
4.76
4.53
4.48
4.22
4.57
4.57
4.06
4.54
