0.01
-0.01
0.16
-0.06
0.26
0.05
-0.04
0.04
-0.37
-0.03
-0.02
2.06
27.41
28.84
29.68
21.34
14.77
7.42
5.46
4.53
2.70
4.51
4.00
5.04
5.05
4.99
5.94
4.72
5.87
5.22
4.68
5.47
3.99
4.81
4.00
4.03
4.39
3.58
4.61
3.30
3.78
3.49
3.43
4.26
2.74
3.94
3.07
3.17
3.41
2.68
3.92
2.61
3.46
3.14
2.68
3.38
2.12
3.58
2.84
2.46
3.61
1.90
3.44
2.34
2.77
2.91
2.15
3.42
2.41
3.17
2.56
2.55
2.82
1.82
3.12
2.19
2.91
2.15
2.15
2.65
2.10
2.55
1.84
2.35
1.96
2.02
2.56
1.82
2.76
1.71
2.53
2.27
2.06
2.34
1.69
2.44
1.74
2.09
2.07
1.78
2.48
2.07
1.91
1.93
1.56
2.19
1.73
2.10
2.18
1.61
2.54
1.54
2.52
1.56
2.28
2.26
1.63
2.76
1.49
2.01
1.70
1.62
2.01
1.23
2.28
1.93
1.71
1.54
1.29
1.78
1.31
1.82
1.53
1.39
2.02
1.25
2.07
1.37
1.62
1.74
1.19
2.03
1.43
2.14
1.59
1.49
2.07
1.19
2.22
1.41
