0.04
-0.18
-0.08
-0.01
-0.37
0.00
-0.17
0.02
0.82
60.07
44.41
14.08
8.75
6.58
6.01
7.35
6.86
8.64
8.55
6.73
5.91
5.86
5.69
5.19
5.00
5.16
5.42
4.75
4.53
5.46
4.83
5.37
5.02
4.60
5.29
3.97
4.55
4.14
4.43
4.17
4.67
4.72
4.24
4.33
3.72
3.79
3.71
3.37
3.71
3.32
3.87
3.32
3.06
3.81
3.41
3.48
3.52
3.28
3.47
2.85
3.69
3.03
3.47
3.20
3.14
3.14
2.94
3.10
2.58
2.78
2.82
2.81
3.29
2.49
2.97
2.82
2.48
3.17
2.84
3.27
2.91
3.27
2.91
2.18
2.97
2.52
2.91
2.58
2.84
2.98
2.57
2.63
2.37
2.70
2.37
2.42
2.75
2.00
2.49
2.21
