0.44
0.06
-0.11
0.42
0.10
0.25
-0.16
0.06
-0.15
-0.48
-0.15
0.17
0.00
11.92
39.00
45.43
43.75
35.37
29.65
23.89
17.04
12.56
10.11
7.91
8.79
8.06
8.84
8.97
8.51
7.90
7.20
7.88
6.68
7.05
5.73
6.46
7.22
5.96
6.85
5.87
5.92
5.82
6.59
6.19
5.61
6.22
6.14
5.99
6.22
5.66
5.60
5.95
5.48
5.61
4.77
4.75
4.77
4.70
4.60
5.51
4.97
4.40
4.72
4.39
4.47
4.13
5.13
5.70
4.82
4.94
4.73
4.30
4.35
4.43
4.78
4.99
4.39
4.63
3.59
3.76
4.05
4.47
4.12
4.34
3.82
3.53
3.50
3.20
3.60
4.82
3.85
4.46
3.47
3.78
4.01
3.55
4.32
4.17
4.06
4.39
3.93
4.29
3.17
3.61
3.17
3.53
3.48
4.01
3.89
3.00
3.10
2.87
3.14
3.54
3.95
3.95
3.92
3.62
3.47
2.72
3.89
3.49
3.65
3.19
4.03
4.06
2.98
3.01
2.96
2.92
4.00
3.58
3.24
2.79
3.65
2.53
1.77
3.24
3.21
3.58
2.97
2.55
3.53
3.29
3.69
3.04
2.93
4.27
3.73
3.34
