-0.23
-0.29
-0.18
-0.18
-0.33
0.04
-0.05
-0.50
0.17
1.64
25.75
43.10
57.40
41.58
24.91
14.68
10.13
7.06
7.36
9.01
9.85
10.83
9.76
9.11
8.23
7.55
8.04
8.34
8.86
9.18
9.17
8.96
8.88
8.24
8.32
7.48
7.80
7.75
7.65
7.44
6.80
7.18
6.70
6.72
6.91
6.21
6.76
6.12
5.81
5.92
5.36
6.02
5.55
5.78
5.33
5.80
5.36
5.14
5.45
5.13
5.44
5.06
5.02
5.42
4.99
5.31
4.74
5.01
4.94
4.83
4.77
4.01
4.29
4.62
4.14
4.26
4.26
4.80
4.40
4.72
4.58
4.33
4.58
4.25
4.35
4.13
4.27
4.17
4.01
4.10
3.64
3.86
3.84
3.89
3.70
3.72
3.75
3.79
3.83
3.91
3.81
3.91
3.69
3.65
3.69
3.53
3.75
3.52
3.82
3.31
3.54
3.58
3.69
3.69
3.40
3.54
3.61
3.70
3.59
3.26
3.40
3.49
3.14
3.16
3.30
3.53
3.34
3.40
3.33
3.26
2.41
2.79
3.51
3.42
3.68
4.02
3.83
3.56
3.48
3.36
3.67
3.55
3.73
3.39
3.34
3.53
3.20
3.40
3.07
3.69
