0.17
-0.30
0.00
0.08
0.15
0.15
0.02
-0.03
-0.06
2.60
17.88
19.47
19.30
28.71
26.23
15.25
8.85
6.91
6.44
10.33
12.11
12.30
11.05
9.43
9.24
8.17
8.03
7.93
7.21
7.99
8.48
7.84
8.34
7.43
8.71
7.33
7.69
8.51
8.22
9.02
7.54
7.90
7.45
8.14
7.69
7.05
6.72
6.59
7.21
7.32
7.26
7.40
6.97
8.18
7.18
7.15
6.44
6.71
7.06
6.24
6.53
6.41
6.72
6.37
6.31
6.59
6.54
6.24
6.97
6.46
6.10
5.64
6.42
5.95
5.48
5.30
5.15
6.07
5.56
5.74
5.56
5.27
6.36
5.08
5.38
5.44
5.27
5.22
5.04
4.94
4.65
5.08
5.33
4.99
4.75
4.66
5.72
4.90
5.46
5.84
5.07
4.94
4.99
5.43
5.06
4.64
4.98
4.55
4.79
4.75
4.74
4.69
5.25
5.29
4.71
4.66
5.52
4.75
4.78
4.49
5.21
4.51
4.76
4.64
4.07
4.59
4.85
5.14
4.82
4.23
5.00
4.55
4.00
4.51
4.49
4.78
4.29
4.42
4.00
4.56
5.00
4.78
4.18
4.00
4.69
4.51
3.81
4.30
3.94
4.62
