0.44
-0.29
0.13
0.02
0.13
0.66
-0.50
-0.25
0.13
0.39
2.24
6.83
32.80
47.56
39.19
27.61
13.18
8.17
5.44
5.85
7.84
9.63
9.66
9.06
7.16
7.37
6.29
5.83
6.41
6.55
7.21
6.49
8.35
7.26
8.07
7.10
6.50
7.87
6.77
7.41
6.32
6.97
6.09
6.54
6.29
6.13
5.52
6.33
5.86
5.81
5.76
5.61
5.76
5.23
5.32
4.60
6.33
5.13
5.87
4.92
4.28
5.81
4.77
5.39
4.20
5.14
4.54
5.44
5.31
4.69
3.70
4.27
4.33
4.51
4.63
4.43
4.57
4.40
4.21
3.19
4.80
4.32
5.12
4.49
3.90
5.17
4.02
5.03
3.93
4.07
4.28
4.48
4.12
4.02
3.70
4.08
4.18
3.75
3.51
3.84
4.15
3.95
3.81
2.53
4.80
3.93
4.25
3.51
3.33
4.80
3.44
3.60
3.86
3.27
3.82
3.77
3.95
3.08
3.11
3.70
3.82
3.70
3.38
3.08
2.89
3.28
3.20
2.78
4.40
2.78
4.14
3.20
2.96
4.34
2.89
3.89
2.59
3.44
3.64
3.02
3.82
3.64
2.89
3.02
3.27
3.44
3.38
3.14
2.65
2.78
