-0.18
0.15
-0.15
0.37
-0.31
0.41
0.09
-0.07
-0.27
-0.20
0.30
6.37
31.92
48.86
53.72
41.66
30.88
16.01
8.13
6.80
5.99
6.17
8.68
9.50
11.43
9.42
8.70
8.32
6.42
6.71
5.75
6.05
5.26
6.22
6.29
6.11
6.46
5.59
6.24
5.90
5.55
5.20
4.03
5.18
5.15
4.75
5.31
3.78
5.74
4.47
4.83
5.07
4.62
5.36
4.48
5.31
4.23
4.45
4.78
4.25
4.61
3.50
4.33
4.19
3.94
3.96
3.42
3.92
4.06
4.41
4.22
4.12
4.61
3.73
4.24
4.16
3.94
4.55
4.00
4.17
3.86
3.85
3.62
3.37
3.99
3.18
3.49
3.56
3.84
3.22
3.31
3.53
3.25
2.86
3.41
2.68
3.15
2.92
3.19
3.03
2.89
4.06
2.76
3.89
2.84
3.87
3.45
3.47
3.89
3.32
3.57
3.33
3.13
3.34
2.59
3.43
2.93
2.86
2.74
2.55
3.24
2.68
2.92
2.64
2.85
3.47
2.94
3.66
2.73
2.98
3.24
3.30
3.57
2.59
3.65
3.29
3.36
3.00
2.83
3.38
3.01
3.10
3.40
2.55
3.49
2.64
3.08
2.81
2.68
3.62
