0.49
1.13
0.12
0.29
1.09
-0.23
-0.89
-0.36
0.21
-1.13
-0.16
0.73
11.36
82.66
66.66
82.38
69.49
43.10
19.32
9.68
8.01
4.80
12.32
11.96
12.24
12.28
8.61
11.23
7.65
11.24
7.57
8.11
11.52
8.53
10.34
9.29
9.74
10.90
8.33
12.36
9.07
12.47
10.78
10.40
11.43
8.07
13.47
8.99
8.74
9.10
7.91
9.34
6.03
10.03
6.51
7.03
9.67
5.78
7.09
6.43
5.97
7.73
6.34
8.74
6.15
8.15
6.70
6.90
8.05
4.44
8.99
6.85
7.55
8.11
5.54
7.62
4.77
6.58
5.75
5.73
7.30
6.42
7.19
4.61
5.01
6.66
4.00
7.35
5.14
7.42
6.13
5.64
6.65
2.97
6.98
5.50
4.74
5.33
5.30
5.85
4.17
8.09
5.45
4.78
6.82
5.81
7.35
3.72
5.14
5.75
4.38
6.35
3.77
4.90
4.68
4.93
4.41
2.18
7.02
5.21
5.52
4.93
5.44
6.38
3.80
7.27
5.04
4.10
5.61
4.89
5.68
3.36
4.90
5.17
4.12
5.87
5.18
6.14
6.17
6.23
5.30
3.94
6.13
5.66
6.21
3.42
3.25
6.18
2.57
6.17
