-0.07
0.01
-0.01
0.29
0.12
0.05
0.03
-0.32
0.14
-0.27
-0.20
0.17
1.23
12.31
31.74
35.08
36.17
34.27
27.43
20.54
14.57
11.88
8.71
7.84
7.01
7.99
9.18
8.52
8.84
7.99
6.69
6.28
5.79
5.84
5.15
5.60
5.40
5.05
5.34
5.55
5.19
5.92
5.25
5.21
4.93
5.18
5.86
5.12
4.91
5.59
4.90
5.77
5.51
5.34
5.12
5.40
5.31
5.11
4.63
4.59
4.27
4.68
3.80
4.40
3.22
3.78
3.84
4.32
4.45
3.87
3.79
3.57
3.69
4.22
3.91
4.23
3.57
3.80
3.95
3.40
3.65
3.78
3.45
3.65
3.65
3.73
4.19
3.71
3.06
3.26
3.52
3.45
3.60
3.71
3.06
2.47
3.22
3.48
3.27
3.52
2.84
3.28
3.33
3.11
3.70
3.51
3.16
3.57
3.07
3.35
3.25
3.40
3.49
3.51
3.13
3.60
2.94
3.45
2.98
2.50
2.74
2.87
3.17
2.29
3.43
3.07
2.96
3.17
3.07
2.70
2.87
2.90
2.85
3.26
2.61
3.13
2.79
2.87
3.11
2.87
2.72
2.66
2.44
2.29
2.43
2.27
2.53
2.44
2.49
3.11
