0.10
-0.03
-0.01
0.04
-0.08
0.01
0.00
0.09
1.62
17.48
28.96
51.02
25.82
11.15
6.17
7.29
10.36
10.82
11.00
8.65
7.44
6.34
6.03
5.85
6.23
6.44
6.64
6.38
5.81
6.02
5.68
5.85
5.95
5.33
4.91
4.97
5.18
5.58
4.89
4.89
4.90
4.70
4.71
4.84
4.53
4.11
4.15
4.08
3.77
3.85
4.16
4.63
3.52
4.52
4.06
4.30
3.80
3.79
3.34
3.48
3.57
3.72
2.77
3.30
3.18
2.96
3.47
3.01
3.04
3.04
3.08
2.99
2.86
2.69
2.99
3.07
2.68
2.91
2.33
2.79
2.90
2.80
2.64
2.55
3.01
2.80
2.51
2.64
2.52
2.59
3.13
2.63
2.57
2.87
2.65
2.86
2.85
2.38
2.62
2.52
