0.02
0.01
-0.01
0.02
-0.05
-0.01
-0.04
0.03
0.05
-0.01
0.05
0.06
0.91
15.68
29.65
35.42
30.30
19.37
11.31
7.00
5.57
5.38
6.74
7.71
7.68
7.31
6.26
5.56
4.97
5.05
4.74
4.78
5.12
5.11
5.20
5.23
5.20
5.23
5.02
5.18
5.11
5.01
5.15
4.99
4.95
4.79
4.73
4.88
4.67
4.74
4.64
4.49
4.51
4.44
4.64
4.55
4.67
4.39
4.37
4.45
4.47
4.44
4.19
4.35
4.18
4.09
4.18
4.06
4.01
3.98
3.86
4.04
3.81
3.95
3.84
3.75
3.73
3.75
3.91
3.76
3.94
3.72
3.75
3.75
3.71
3.83
3.70
3.78
3.67
3.58
3.73
3.56
3.55
3.44
3.55
3.60
3.52
3.60
3.44
3.41
3.35
3.37
3.47
3.37
3.48
3.39
3.45
3.52
3.66
3.69
3.52
3.64
3.49
3.58
3.55
3.50
3.51
3.42
3.44
3.39
3.40
3.39
3.40
3.36
3.31
3.48
3.37
3.38
3.40
3.33
3.39
3.26
3.35
3.40
3.26
3.36
3.28
3.31
3.33
3.28
3.22
3.19
3.20
3.23
3.01
2.98
2.91
2.89
2.85
2.85
