0.12
0.17
-0.14
0.26
-0.29
-0.02
-0.01
-0.07
1.84
22.85
38.17
30.92
17.88
12.31
9.20
9.50
10.68
11.03
9.97
9.72
8.58
8.21
8.10
8.08
8.41
8.10
8.48
8.16
8.05
7.68
7.11
8.10
7.15
7.05
7.63
7.37
5.93
6.55
6.29
6.81
6.52
6.41
5.99
5.82
5.94
5.44
6.07
5.63
6.00
5.63
5.17
5.51
5.12
5.36
5.57
5.16
5.15
4.73
4.98
5.01
4.86
5.08
4.61
5.28
4.94
4.88
4.77
4.84
4.77
4.37
5.05
4.63
4.66
4.58
4.41
4.64
4.15
4.50
4.42
4.10
4.24
3.91
4.58
4.50
4.08
4.30
4.44
4.49
3.92
4.46
4.25
4.22
4.37
4.04
4.17
3.75
4.14
4.34
4.19
3.89
