-0.04
0.07
-0.17
0.03
0.03
-0.07
-0.01
0.04
-0.08
0.14
0.06
5.12
18.08
26.59
37.41
37.98
32.89
24.58
16.34
11.24
7.73
6.32
5.33
6.23
6.93
6.98
7.43
7.19
6.50
5.78
5.79
5.28
4.93
5.20
5.49
5.84
5.27
5.66
6.15
5.98
6.61
6.33
6.35
5.87
5.84
6.01
5.46
5.78
6.36
5.92
5.99
5.93
5.77
5.48
5.61
5.58
5.50
5.36
5.55
5.27
4.92
4.90
4.97
4.81
4.96
4.84
4.95
4.42
4.74
4.81
4.64
4.33
5.38
4.57
4.89
4.44
4.97
4.17
4.22
4.68
4.27
4.36
4.54
4.89
3.77
4.53
4.51
4.15
4.27
4.42
4.24
4.00
3.98
4.05
3.63
3.71
4.36
4.04
3.76
3.67
3.74
3.32
3.63
3.82
4.28
3.64
4.11
4.12
3.60
3.93
4.17
3.92
4.04
3.98
4.17
3.61
3.84
4.27
3.54
3.46
3.69
3.52
3.82
3.23
3.27
3.38
3.70
3.69
3.56
3.28
3.73
3.73
3.49
3.45
3.61
3.72
3.68
3.66
3.55
3.23
3.54
3.12
3.11
3.50
3.29
3.05
3.22
3.06
3.50
3.30
