0.53
0.32
-0.31
-0.20
0.35
-0.18
-0.06
-0.28
0.38
-0.30
3.24
28.61
50.84
59.40
37.03
22.41
14.10
9.19
7.95
6.23
6.07
7.21
6.84
6.79
4.65
4.69
3.43
5.14
4.52
4.81
5.23
4.61
5.72
4.74
5.23
4.89
4.59
5.41
4.53
5.39
4.69
5.40
4.69
4.47
4.35
3.40
4.51
4.56
4.06
4.25
3.83
3.81
3.39
2.83
4.86
3.89
3.84
3.33
3.70
3.72
3.65
3.64
3.83
3.32
3.69
3.55
3.16
3.13
3.66
2.89
3.40
3.82
2.84
3.79
3.21
3.38
3.14
3.39
3.62
3.68
3.03
2.58
2.95
2.96
3.50
3.08
3.49
3.62
2.87
3.62
3.09
2.89
3.45
2.83
3.60
3.72
3.10
3.18
2.47
2.78
2.20
2.62
3.63
3.40
3.33
2.72
3.05
2.45
3.30
3.71
3.45
2.97
3.13
2.82
2.94
2.75
2.83
3.46
3.00
3.48
2.94
2.56
2.42
3.62
3.27
2.95
3.06
3.55
3.78
2.77
3.33
2.94
3.49
3.14
3.48
3.05
2.61
2.64
3.28
3.33
3.15
3.55
3.44
3.27
2.85
3.33
2.91
2.93
3.28
3.14
