0.18
-0.07
-0.05
0.09
-0.22
0.11
-0.17
0.45
-0.32
0.00
0.02
0.20
0.50
5.68
27.27
48.33
58.63
48.55
40.12
27.32
19.64
13.86
10.01
7.71
6.89
5.77
6.40
6.61
7.75
9.42
9.42
8.97
7.81
7.75
6.10
5.85
5.61
5.06
5.33
5.51
5.41
5.77
5.48
5.56
5.72
5.47
5.93
5.78
6.39
5.83
5.63
5.16
4.37
4.94
4.73
5.45
5.01
4.71
5.16
5.10
4.90
4.93
4.67
4.66
4.20
4.86
4.37
4.14
4.27
3.96
4.10
3.58
3.81
4.02
3.97
4.03
3.64
4.39
3.55
4.17
3.85
4.08
4.25
3.67
3.79
3.48
3.71
3.31
3.47
3.87
3.60
3.48
3.78
3.62
3.64
3.23
3.64
3.87
3.41
3.63
3.10
3.13
3.05
3.23
2.85
2.95
3.06
3.03
3.16
2.60
3.03
2.67
2.72
2.76
2.84
3.05
2.99
2.84
2.82
2.62
3.02
2.87
2.97
2.93
2.22
2.44
2.43
2.57
2.50
2.38
2.62
2.29
3.32
2.68
2.78
2.45
2.87
3.09
3.00
2.83
2.58
2.86
3.00
2.22
3.09
2.93
2.33
2.48
2.14
2.47
