0.08
-0.04
-0.08
0.23
-0.22
-0.04
-0.06
0.06
0.07
5.27
23.54
45.24
46.92
31.06
16.28
9.73
7.63
7.68
7.89
9.72
10.91
9.98
9.80
8.30
7.17
7.09
6.40
6.96
6.39
6.46
6.60
6.84
6.88
6.42
5.73
5.94
6.07
5.94
6.38
5.60
5.77
6.61
5.86
5.64
5.84
5.99
5.49
5.57
5.57
5.51
5.49
5.24
5.13
5.01
5.30
5.44
4.98
5.07
4.77
4.56
4.94
5.04
5.45
4.89
5.03
5.38
4.94
4.78
5.27
5.42
5.04
4.45
4.78
4.92
5.14
4.63
4.86
4.49
5.15
5.21
4.43
5.22
4.66
4.83
5.10
5.05
5.27
4.94
4.87
5.28
4.74
4.60
4.79
5.04
4.83
5.11
4.61
4.88
5.26
5.34
