-0.02
-0.13
0.47
0.41
0.17
-0.26
-0.42
-0.48
0.25
0.07
-0.03
0.82
11.02
27.77
32.27
33.33
33.90
27.46
19.47
13.93
10.03
7.51
7.34
6.72
8.67
8.80
8.54
9.05
9.27
7.23
7.36
6.96
6.73
7.30
8.28
7.57
7.90
7.48
8.10
6.88
7.89
6.57
7.27
7.13
6.94
6.44
6.69
6.78
6.38
6.48
6.15
6.41
6.09
5.97
5.46
5.18
5.40
5.18
5.10
5.17
6.21
5.13
6.19
5.36
5.19
5.49
5.42
5.23
5.18
4.33
5.12
5.36
4.88
4.88
5.12
4.89
5.00
5.24
4.90
4.87
4.87
4.84
4.45
4.55
4.69
4.34
5.02
4.86
4.15
4.76
4.55
5.56
4.83
4.60
4.28
4.11
4.32
4.04
4.21
4.14
4.09
3.98
3.92
3.70
3.85
4.35
3.94
4.86
3.55
4.65
4.90
3.80
4.77
3.70
4.52
4.06
4.23
4.14
3.96
3.80
3.45
4.10
3.47
3.74
3.69
3.84
4.14
3.75
2.74
3.38
3.18
2.99
3.18
3.35
3.67
2.67
3.80
3.48
3.77
3.36
3.96
4.35
3.91
4.24
4.19
4.26
3.76
4.50
3.34
3.53
