0.01
-0.06
0.00
-0.02
-0.03
-0.10
0.09
0.12
0.02
0.45
2.33
23.23
26.43
29.46
37.96
23.80
13.27
6.34
4.77
4.17
6.23
8.90
10.20
12.32
9.68
8.39
7.29
5.92
6.14
5.73
6.79
7.21
8.60
9.59
8.36
9.53
7.84
8.64
8.58
8.00
8.62
7.04
8.37
6.98
7.36
7.09
6.56
7.43
6.29
6.85
6.30
6.41
6.90
6.10
6.82
5.70
6.43
6.50
5.85
5.98
5.42
5.75
6.01
5.62
6.11
5.32
6.21
5.56
5.21
5.89
5.04
5.78
5.15
5.49
5.19
5.03
5.37
5.03
5.22
4.57
4.96
5.56
4.32
4.68
4.27
5.17
4.69
4.59
4.95
4.66
4.93
4.51
4.61
4.72
4.61
4.94
4.06
4.36
4.27
4.37
4.58
3.99
4.61
3.68
4.28
4.34
4.00
4.11
3.56
3.86
3.86
4.19
4.05
3.58
4.30
3.83
4.16
3.98
4.15
4.27
3.63
4.17
3.63
3.93
3.90
3.80
3.90
3.29
3.96
3.74
3.17
3.60
3.56
3.78
3.51
3.74
3.51
3.43
3.86
3.33
3.80
3.43
3.12
4.00
2.86
3.96
3.07
3.21
3.34
3.46
