0.29
-0.21
0.04
0.07
-0.55
0.93
0.04
0.03
-0.20
-0.11
2.26
28.03
64.01
66.67
45.12
19.18
6.86
3.87
2.93
5.33
7.88
9.01
7.95
7.63
7.52
5.85
5.31
5.33
5.18
6.95
5.92
6.36
6.17
6.23
6.35
6.09
6.29
6.81
6.43
6.24
5.37
5.68
4.28
5.81
5.72
5.07
5.60
4.80
5.83
4.56
4.75
4.95
5.06
5.20
4.96
4.42
4.28
4.06
5.40
4.21
4.17
4.87
5.23
4.93
4.05
4.98
3.46
5.43
4.68
4.29
4.56
4.10
5.06
3.99
4.54
4.11
3.55
4.39
3.71
3.82
4.27
4.36
4.82
3.15
3.97
4.08
4.19
4.60
2.81
4.33
3.32
4.38
3.99
3.88
3.36
3.81
4.35
3.74
3.97
3.26
3.39
4.57
3.85
3.11
3.71
3.66
4.07
3.30
3.56
4.15
3.40
3.54
2.46
3.96
3.18
3.53
3.98
3.52
3.09
2.45
4.21
2.98
3.00
3.07
2.92
3.92
3.13
2.68
3.36
3.06
3.67
2.88
2.68
3.28
2.85
2.97
2.53
3.03
2.74
3.31
3.68
4.04
2.87
3.25
3.98
2.52
2.77
3.31
3.22
3.26
