0.20
0.14
-0.02
0.23
-0.27
-0.01
0.23
-0.28
-0.19
16.76
49.48
44.50
38.18
21.15
9.77
5.63
6.29
8.59
10.47
10.66
10.16
8.84
7.24
7.18
6.54
7.41
8.05
7.17
8.13
7.68
7.00
7.92
6.22
6.97
5.87
7.26
6.26
5.35
7.26
5.04
5.93
6.16
5.75
5.54
5.33
5.65
5.20
5.21
4.93
5.27
4.91
5.35
5.52
4.55
4.81
4.90
4.50
5.47
4.51
4.89
4.94
4.49
5.07
4.09
4.62
4.98
4.48
4.56
4.54
4.47
4.35
4.19
3.97
4.11
4.04
3.79
3.87
3.63
3.99
3.98
3.17
4.23
3.65
4.05
3.93
3.10
4.16
2.91
3.44
4.30
3.59
3.07
3.75
3.69
3.53
2.88
3.10
3.67
2.88
3.48
