0.26
0.08
-0.25
-0.07
-0.15
0.21
0.05
0.08
0.04
-0.10
1.59
10.64
14.90
19.82
24.46
22.82
16.63
12.54
8.56
7.36
7.32
7.07
9.22
8.92
10.14
9.33
8.75
9.16
6.69
7.87
6.48
6.59
7.14
6.09
7.14
6.10
7.03
6.84
6.44
6.82
6.39
7.16
6.24
6.39
6.58
5.69
6.22
5.33
6.13
6.19
5.47
6.09
4.91
6.28
5.10
5.33
5.66
4.80
5.99
5.06
5.71
5.36
4.84
5.50
4.46
5.18
4.63
5.13
5.24
4.49
5.31
4.30
4.74
4.49
4.06
4.54
3.75
4.79
4.28
4.13
4.65
3.85
4.45
3.75
4.31
3.85
4.11
4.48
3.65
4.23
3.32
4.01
4.52
3.76
4.40
3.63
3.90
4.00
3.54
4.38
3.08
4.25
3.22
3.31
4.10
3.17
3.98
3.24
3.81
3.35
3.29
3.74
2.90
3.85
3.51
3.38
3.47
2.77
3.53
3.12
3.22
3.29
2.81
3.83
3.10
4.10
3.44
3.53
3.85
3.12
3.87
2.97
3.69
3.79
3.30
3.68
2.97
3.81
3.30
3.57
3.82
2.64
3.95
2.88
3.28
3.21
3.15
3.82
2.55
3.84
