0.21
-0.16
0.01
0.15
-0.11
-0.01
0.10
0.01
0.09
0.61
17.39
64.83
45.45
42.62
16.09
5.41
2.91
3.38
6.00
9.53
12.03
11.43
9.64
8.01
6.84
6.49
7.23
7.61
9.04
9.77
8.96
9.43
9.00
8.42
8.21
7.80
8.58
8.05
7.98
7.48
7.75
7.58
7.33
7.32
7.58
6.78
7.17
7.10
7.41
6.94
7.23
6.37
6.43
7.31
6.27
6.60
6.85
6.44
6.34
5.77
6.21
5.84
5.88
5.87
5.69
5.86
5.72
5.71
5.59
5.14
5.64
5.53
5.56
4.88
5.37
5.06
5.46
5.65
4.76
4.85
5.11
5.20
4.90
4.75
5.07
4.70
4.86
5.05
4.96
4.54
4.59
4.68
4.38
4.46
4.69
4.54
4.61
4.76
4.78
4.41
4.40
4.61
4.38
4.16
4.33
4.86
4.20
4.24
4.54
4.42
4.07
4.14
4.35
3.97
4.16
4.24
4.26
4.03
4.38
4.30
4.25
3.79
3.95
3.92
3.72
4.48
3.74
3.85
3.94
3.97
3.89
3.64
3.79
3.81
3.69
3.82
3.86
3.69
3.55
4.16
3.82
3.40
3.98
3.78
3.91
3.59
3.73
3.52
3.37
3.71
