-0.42
-0.05
-0.27
0.04
-0.01
0.11
-0.01
0.18
-0.05
0.50
-0.32
7.65
41.55
58.33
64.79
57.62
45.51
25.16
10.71
5.08
3.20
3.00
4.20
5.42
7.19
6.89
7.19
7.00
6.49
4.63
3.86
3.68
3.81
4.20
4.63
4.74
5.98
6.67
7.24
6.54
5.79
6.89
4.84
5.82
6.43
5.47
4.41
4.35
4.74
5.74
5.58
3.48
4.80
3.74
4.59
2.55
3.81
3.48
4.02
3.00
3.96
4.20
4.80
3.15
4.74
4.33
5.63
4.90
5.16
4.25
2.82
3.30
2.67
3.48
2.72
3.81
2.67
3.53
3.43
2.87
4.02
3.92
4.02
3.53
4.07
3.20
3.81
2.29
3.58
2.67
3.38
3.30
4.59
3.20
3.40
3.81
2.39
4.07
3.81
4.74
3.04
3.25
3.38
4.07
1.92
2.59
2.16
2.67
2.94
3.20
2.04
3.12
3.10
1.97
2.77
3.20
4.10
3.20
2.57
2.87
2.92
2.20
2.82
1.36
1.50
1.82
3.15
2.37
2.80
2.16
2.04
2.16
3.30
2.67
2.45
2.69
3.00
2.62
3.00
2.24
3.20
2.02
2.55
1.99
3.20
2.39
2.45
1.55
2.55
2.47
