-0.24
-0.08
-0.10
-0.19
-0.05
0.45
0.02
-0.04
0.22
10.57
27.06
38.61
16.97
8.45
4.77
4.43
4.49
7.14
7.96
7.84
7.21
5.83
5.77
6.34
6.51
7.46
7.03
6.40
6.29
6.25
7.52
6.42
6.58
6.17
5.56
5.90
6.06
5.87
5.85
5.71
4.59
5.89
5.79
5.63
5.47
4.79
5.15
5.28
6.29
5.64
4.48
4.25
4.84
6.39
4.96
4.28
4.51
5.20
5.01
3.99
4.88
4.58
5.77
5.05
4.12
4.29
4.17
5.26
3.85
3.98
3.76
4.95
4.37
4.05
5.02
4.25
4.69
5.29
3.85
3.64
3.39
3.63
3.54
3.17
4.01
3.75
4.10
3.46
3.07
2.95
2.75
3.76
3.28
3.64
3.72
3.62
3.73
3.32
3.30
3.99
