0.05
0.02
-0.11
-0.07
-0.08
-0.09
-0.13
-0.11
0.55
23.81
33.48
53.53
37.79
14.46
6.50
4.57
6.67
10.40
12.15
11.26
9.08
7.28
6.68
6.23
6.81
7.75
8.02
8.13
8.05
7.49
6.90
6.88
7.01
6.83
6.69
6.51
5.55
5.26
4.77
5.01
4.80
5.05
4.63
4.40
4.54
4.17
4.58
4.49
4.55
4.41
4.33
4.41
4.20
3.94
4.04
4.02
3.71
3.55
3.67
3.65
3.49
3.48
3.36
3.26
3.20
3.18
3.11
2.89
2.83
2.89
2.75
2.56
2.68
2.65
2.64
2.75
2.81
2.64
2.66
2.57
2.35
2.39
2.17
2.24
2.17
1.96
2.11
1.79
1.85
2.02
1.88
1.70
1.87
1.76
1.92
1.80
1.94
1.88
1.82
1.92
