-0.30
0.11
-0.17
0.21
0.25
-0.04
-0.15
-0.09
-0.09
0.20
1.64
22.59
25.85
26.77
30.43
24.83
16.60
10.40
6.28
4.79
5.40
6.85
9.30
10.85
10.22
9.92
8.77
7.84
6.67
6.23
5.99
6.61
6.11
6.79
7.24
7.36
7.46
7.63
7.36
7.34
7.81
7.54
7.14
7.17
7.10
6.83
7.50
7.30
7.14
7.14
7.12
6.81
6.34
6.69
6.59
6.33
6.46
6.22
6.03
5.86
6.23
5.83
5.81
6.11
5.83
6.39
5.53
5.98
6.25
5.42
5.66
5.63
5.55
5.58
5.55
5.57
5.05
4.94
5.24
5.18
5.22
5.16
5.28
5.05
5.16
5.07
4.75
4.75
5.17
5.26
5.12
5.29
5.15
4.56
4.53
4.55
4.37
4.59
4.33
4.65
4.24
4.20
4.79
4.38
4.45
4.48
4.68
4.29
4.61
4.14
4.04
4.50
4.44
4.41
4.33
4.16
4.69
3.83
4.31
4.20
4.40
4.58
4.11
4.26
3.70
4.01
4.47
4.11
4.30
4.44
4.17
3.85
4.18
4.06
3.79
3.72
3.67
4.22
3.27
3.75
3.75
3.15
3.80
3.72
4.02
3.68
3.82
3.57
3.42
3.84
