-0.10
0.03
-0.08
-0.01
0.04
0.08
-0.07
0.01
6.83
21.62
25.86
13.49
5.36
3.19
3.38
5.33
7.09
6.18
5.16
4.55
4.34
4.04
4.01
4.57
5.24
4.62
5.20
4.82
4.35
4.96
4.68
4.49
4.02
3.94
4.30
4.21
4.65
4.18
4.01
3.99
3.80
3.71
3.48
3.86
3.59
3.39
3.28
3.21
3.21
3.32
3.47
3.32
3.28
3.24
3.13
3.33
3.06
3.27
3.21
3.19
3.34
2.85
3.27
3.11
3.10
3.14
3.06
2.95
3.04
2.96
2.80
2.76
2.51
2.89
2.94
2.90
2.46
2.88
2.70
2.60
2.64
2.71
2.67
2.74
2.66
2.76
2.70
2.65
2.72
2.44
2.66
2.67
2.47
2.72
2.63
2.34
2.38
2.68
2.60
2.53
