0.02
-0.03
0.14
0.05
-0.02
-0.02
-0.08
-0.08
-0.03
0.06
-0.20
0.22
2.06
14.86
22.00
21.34
25.63
28.74
24.19
16.81
11.07
7.79
8.05
9.58
11.99
13.73
13.42
13.52
11.59
11.00
10.12
9.72
9.67
9.61
9.17
9.05
9.30
9.45
9.45
8.93
9.19
8.82
8.76
8.75
8.17
8.35
8.12
7.83
7.90
8.11
8.03
8.14
8.13
7.86
7.82
7.78
7.77
7.83
7.88
7.95
8.03
7.76
7.84
7.81
7.74
7.83
7.93
7.67
7.61
7.46
7.49
7.39
7.34
7.29
7.20
7.36
7.01
7.22
6.91
6.83
6.99
6.93
6.87
6.83
6.71
6.73
6.70
6.46
6.93
6.91
6.95
6.92
6.75
6.68
6.75
6.67
6.68
6.43
6.57
6.71
6.50
6.37
6.46
6.28
6.40
6.40
6.33
6.31
6.41
6.17
6.23
6.00
6.29
6.12
6.10
6.18
6.02
6.05
6.04
6.01
6.09
6.18
6.14
6.08
6.00
5.92
5.97
5.81
5.89
5.97
5.60
5.83
5.60
5.65
5.77
5.73
5.68
5.66
5.79
5.63
5.75
5.66
5.72
5.71
5.78
5.71
5.77
5.98
5.77
5.80
