-0.10
0.04
-0.13
0.00
0.02
-0.13
0.15
0.04
0.73
28.97
20.74
22.23
10.32
5.65
4.71
6.11
8.75
9.92
10.36
9.29
8.79
8.21
8.02
8.87
8.73
9.67
10.01
9.00
9.25
7.77
7.60
8.00
7.37
7.72
6.68
7.62
6.85
6.85
6.84
6.76
6.74
6.40
6.32
6.36
6.61
6.34
6.59
6.34
6.63
6.53
6.24
5.76
6.53
6.32
6.03
5.40
5.46
5.46
5.17
5.48
5.50
5.15
5.15
5.30
5.69
5.34
5.38
4.71
4.69
4.79
5.11
4.96
4.79
5.23
4.69
4.83
4.52
4.75
4.75
4.71
4.27
3.87
3.68
4.35
4.33
4.33
4.10
3.77
3.98
3.73
4.35
4.38
4.17
4.10
4.21
3.79
3.96
3.93
3.98
3.91
