-0.19
0.08
0.05
-0.07
-0.38
-0.14
0.14
-0.35
0.19
-0.11
0.60
1.84
28.92
63.78
69.69
47.83
29.36
14.14
8.95
5.59
4.50
6.87
8.64
9.76
9.55
8.97
8.34
7.82
7.52
7.20
7.85
7.43
8.60
8.80
6.79
8.15
7.68
7.71
7.04
6.39
7.81
6.73
7.96
6.75
6.72
7.35
6.06
7.02
5.67
6.18
6.68
5.64
6.33
5.27
6.33
5.72
5.78
5.55
4.36
5.95
5.66
5.08
5.22
4.69
5.26
3.99
3.89
4.65
4.32
4.45
4.63
4.29
4.13
4.62
4.26
4.48
5.15
4.78
5.09
4.73
4.27
4.74
3.81
4.75
3.94
5.05
4.56
3.79
4.59
3.77
3.81
4.95
4.39
4.21
3.61
4.56
3.11
4.20
3.97
4.01
4.49
3.77
4.72
3.67
3.92
3.86
3.92
4.02
3.71
4.25
3.91
3.70
4.50
3.01
4.83
4.00
3.22
4.24
3.54
4.25
3.88
3.36
4.00
3.71
3.98
3.62
3.42
3.86
3.46
3.44
3.65
4.51
4.28
4.19
3.74
3.99
3.68
3.84
4.55
3.87
3.99
3.35
4.03
3.66
2.84
3.52
3.72
3.65
3.77
3.24
