-0.01
-0.13
-0.12
0.01
0.16
-0.07
-0.11
0.28
1.05
31.48
31.91
23.57
12.72
7.34
5.93
5.95
7.56
7.36
6.63
5.01
4.19
3.73
3.45
3.42
3.51
3.85
3.72
3.89
3.92
4.01
3.80
3.84
3.78
3.75
3.94
4.18
4.00
3.71
3.71
3.22
3.33
3.56
3.29
3.31
3.45
3.03
3.31
3.18
3.10
3.07
2.77
3.31
3.08
3.04
2.91
2.67
2.96
2.66
2.61
2.76
2.95
2.63
2.61
2.59
2.45
2.58
2.64
2.36
2.66
2.54
2.56
2.57
2.49
2.44
2.36
2.52
2.42
2.30
2.20
2.55
2.11
2.37
2.39
2.24
2.41
2.38
2.47
2.10
2.36
2.61
2.39
2.31
2.32
2.02
2.45
2.33
2.09
2.35
1.75
2.31
