-0.13
0.03
-0.03
0.18
-0.19
0.05
0.19
0.05
-0.20
-0.06
1.95
36.33
75.38
40.40
26.03
11.34
6.93
3.52
2.95
3.96
5.93
7.51
7.50
7.60
6.34
4.90
4.64
3.91
3.90
4.39
4.87
4.20
3.83
4.12
4.06
3.92
3.84
3.60
3.96
3.45
4.39
3.95
4.08
4.06
3.71
4.28
4.02
4.24
3.53
3.65
3.96
3.04
3.57
3.34
3.46
2.96
2.99
3.89
3.10
3.53
3.38
3.20
2.74
2.86
3.40
2.54
2.81
2.82
2.59
2.61
2.98
3.54
2.89
3.02
3.16
2.54
3.03
3.04
3.05
2.63
2.54
2.70
2.54
2.69
2.48
2.38
2.44
2.31
2.80
2.42
2.43
2.90
2.00
2.66
2.73
2.73
2.44
2.26
2.72
2.09
2.66
2.13
2.72
2.18
2.34
2.32
2.47
2.41
2.65
2.11
2.42
2.20
2.29
1.98
2.15
1.88
1.62
2.01
2.22
2.56
2.63
2.44
2.72
2.26
2.17
2.42
2.47
2.15
1.86
1.79
1.69
2.17
2.06
2.09
2.08
1.95
2.30
2.03
2.13
2.23
1.84
1.89
1.83
2.60
1.60
2.05
1.97
1.77
1.83
1.83
