0.04
-0.11
0.09
-0.05
0.22
-0.11
-0.18
0.17
0.01
1.48
21.89
46.55
68.29
37.77
16.95
7.23
6.23
3.26
4.79
7.37
7.92
10.37
8.16
7.52
6.30
4.75
5.69
5.38
7.01
6.86
7.54
6.23
6.09
8.87
7.13
6.86
5.55
7.36
7.67
6.22
6.60
4.78
5.44
5.12
5.47
6.18
5.77
6.37
5.89
5.08
5.62
4.48
6.65
5.51
6.51
5.33
5.13
6.03
5.23
5.00
3.82
6.45
5.63
4.76
5.51
4.22
4.67
3.84
4.64
4.75
4.26
6.18
5.16
4.27
4.31
4.38
5.11
5.02
5.32
4.30
4.32
5.35
4.72
4.55
3.72
5.21
4.28
4.11
4.60
3.81
4.21
3.40
4.08
3.98
3.72
5.09
3.91
4.19
4.53
3.83
4.70
4.01
4.50
3.45
4.13
3.67
3.84
4.69
3.33
4.73
4.39
3.71
4.12
2.91
3.60
3.58
3.81
3.90
3.59
4.55
4.21
3.57
4.10
3.35
4.61
3.81
4.52
3.72
3.36
4.18
3.48
3.89
2.53
4.42
3.35
3.04
3.27
2.67
3.79
2.91
3.89
3.17
3.28
4.58
3.67
3.97
3.51
3.12
3.88
3.72
