0.00
0.09
0.03
0.08
-0.06
0.07
-0.03
-0.09
0.11
-0.19
0.27
8.18
45.75
72.87
47.39
28.47
16.48
9.72
6.41
4.78
4.13
4.56
6.19
7.92
8.97
9.40
8.51
7.37
6.81
6.16
6.53
6.80
7.04
6.99
7.09
7.40
7.19
7.11
6.98
6.57
6.41
6.24
6.34
6.26
6.08
6.28
5.67
5.59
5.39
5.76
5.68
5.51
5.60
5.15
5.44
5.22
5.68
5.32
5.26
5.06
4.98
5.06
5.08
4.98
4.94
4.97
5.06
4.72
4.91
5.02
4.56
4.57
4.70
4.57
4.53
4.41
4.39
4.27
4.28
4.12
4.23
4.21
4.06
4.45
3.97
4.31
4.26
4.05
4.12
4.03
4.04
3.98
4.04
4.07
3.81
4.02
3.90
4.22
4.10
3.80
3.88
3.79
4.10
3.88
4.02
4.08
4.03
3.87
3.79
3.81
3.75
3.83
3.90
3.62
3.66
3.63
3.67
3.81
3.71
3.63
3.62
3.91
3.69
3.74
3.69
3.47
3.60
3.51
3.75
3.53
3.61
3.67
3.50
3.72
3.52
3.39
3.51
3.49
3.36
3.53
3.45
3.70
3.77
3.67
3.65
3.72
3.88
3.54
3.67
3.40
