-0.07
0.06
-0.04
-0.07
0.04
0.08
-0.03
-0.04
0.14
7.76
13.34
27.23
28.81
15.60
7.22
5.89
6.95
7.82
8.56
6.81
5.15
4.60
3.85
4.40
4.71
5.08
5.43
5.07
5.26
4.58
4.62
4.48
4.72
4.90
4.45
4.69
4.48
4.62
4.42
4.46
3.99
3.77
4.03
3.85
4.13
4.16
4.09
3.84
3.68
3.77
3.73
3.41
3.57
3.22
3.61
3.63
3.85
3.82
3.54
3.85
3.49
3.33
2.95
3.14
2.92
2.91
3.49
3.24
3.35
3.21
3.18
3.00
2.83
3.04
3.02
2.56
3.37
3.08
3.21
3.10
3.21
3.07
2.80
2.75
2.81
2.62
2.64
3.22
3.05
2.82
3.01
2.61
2.64
2.71
2.43
2.41
2.46
2.59
2.66
2.94
