-0.15
0.23
0.22
-0.18
-0.18
0.10
-0.08
-0.10
0.19
0.95
6.93
21.49
20.17
31.02
25.89
14.40
8.60
5.58
4.03
5.15
6.31
8.00
7.39
7.27
6.91
5.44
5.15
4.81
4.76
5.47
4.13
4.95
5.30
5.02
5.16
5.09
5.90
5.22
5.10
5.46
5.38
5.28
5.15
4.54
5.06
5.14
4.74
5.05
4.94
4.63
4.86
4.69
4.80
4.72
4.75
4.63
4.38
4.60
4.24
4.25
4.08
4.13
4.03
4.42
3.62
3.88
4.06
4.35
3.78
4.12
4.32
3.92
3.89
3.97
3.93
3.62
3.64
3.77
3.62
3.79
3.46
3.53
3.38
3.40
3.41
2.92
3.32
3.70
3.23
3.40
3.65
3.35
4.04
3.63
3.42
2.94
3.57
3.36
2.98
2.89
3.05
3.05
2.70
2.89
3.20
3.17
2.70
3.09
2.97
2.94
2.77
3.42
2.56
3.22
2.92
3.31
3.27
3.22
2.96
3.21
3.62
3.27
2.84
2.76
2.70
2.59
2.71
3.19
3.31
2.74
2.74
2.55
2.52
2.92
2.52
3.53
2.74
2.98
2.88
2.70
3.05
2.64
2.93
2.54
2.70
2.72
2.83
2.93
2.52
2.66
