-0.16
0.04
-0.35
-0.20
-0.03
-0.39
0.44
0.01
0.36
0.14
1.27
14.13
61.81
69.02
50.90
27.54
14.42
8.64
6.72
5.59
6.65
9.40
10.82
11.38
10.14
8.74
7.86
7.57
7.96
7.27
7.08
6.98
8.09
6.91
6.20
6.06
6.07
6.87
6.69
6.10
6.07
6.13
6.64
6.39
6.00
6.30
5.98
6.21
5.28
5.88
5.09
5.63
6.13
5.40
5.98
4.68
6.18
5.48
5.00
5.34
5.19
6.03
4.81
5.19
5.18
5.23
5.32
4.79
4.81
5.60
5.35
5.43
4.41
4.36
4.25
5.10
4.95
4.00
4.97
4.19
4.95
4.78
3.94
4.95
5.11
5.00
4.15
4.37
4.42
4.37
5.39
4.23
4.24
3.57
4.22
4.89
3.75
4.16
4.11
3.99
4.20
3.74
4.08
3.83
4.81
3.99
3.97
4.53
4.17
4.39
4.02
3.95
3.97
4.12
4.33
4.51
3.74
3.96
3.96
4.23
2.97
3.75
3.76
4.18
3.96
3.54
3.84
3.59
4.15
3.80
3.60
3.88
4.02
4.17
3.56
3.80
4.45
4.36
4.65
3.55
3.22
3.77
3.95
4.40
3.60
3.16
3.34
3.51
3.71
3.69
