0.11
-0.14
-0.27
-0.03
0.21
0.08
-0.09
0.20
0.08
-0.03
0.47
2.49
18.49
37.17
50.26
50.19
40.74
26.75
20.68
13.23
12.75
11.05
10.15
10.50
9.61
10.55
8.69
8.15
6.91
7.15
6.42
6.47
7.18
6.39
7.30
6.49
6.81
7.09
6.36
6.97
6.22
6.74
6.32
6.34
6.61
6.50
5.11
6.09
5.67
6.08
5.59
6.20
5.20
6.24
5.64
5.12
5.67
5.61
5.79
5.44
5.55
5.00
4.78
5.50
4.80
5.36
5.06
4.24
4.94
5.29
4.57
4.48
4.86
4.76
4.33
5.02
4.54
4.91
4.64
4.17
4.79
4.23
5.40
4.04
4.12
3.70
4.29
4.30
4.13
3.92
4.21
3.83
4.23
3.82
4.02
3.86
3.94
4.34
3.93
4.50
4.40
4.38
4.43
4.52
4.10
4.16
4.05
3.53
3.62
3.59
3.80
3.90
3.63
4.30
3.69
4.05
4.17
3.99
4.23
4.17
4.43
3.67
3.97
4.71
3.90
4.29
4.37
4.15
4.38
3.77
3.90
4.06
3.99
4.08
4.26
4.12
3.67
3.82
3.84
3.45
3.57
3.43
3.67
3.22
3.27
3.59
2.82
3.41
2.94
3.57
