-0.35
-0.32
-0.33
-0.32
-0.35
-0.32
-0.30
-0.27
2.36
16.45
21.04
16.71
9.75
4.96
4.00
4.83
5.93
5.80
5.00
4.18
3.32
3.24
3.37
3.45
3.44
3.28
3.26
3.02
2.95
3.05
2.89
2.97
2.85
3.07
2.84
2.92
2.89
2.60
2.84
2.61
2.60
2.62
2.60
2.63
2.49
2.48
2.47
2.20
2.20
2.21
2.17
2.24
2.25
2.26
1.89
2.06
1.83
2.12
1.93
1.84
2.10
1.88
2.02
1.80
1.79
1.65
1.67
1.81
1.73
1.89
1.97
1.92
2.01
1.77
1.74
1.79
1.77
1.75
1.47
1.61
1.35
1.58
1.64
1.64
1.69
1.52
1.68
1.57
1.62
1.66
1.51
1.64
1.52
1.45
1.56
1.55
1.46
1.65
1.64
1.58
