0.04
0.08
0.15
-0.08
-0.03
0.05
-0.08
-0.05
-0.15
0.10
-0.01
-0.05
2.87
16.29
37.92
41.40
53.42
32.62
14.86
9.14
5.50
4.72
4.73
6.39
7.84
8.88
8.58
6.83
6.30
4.23
4.07
3.81
3.76
4.22
4.52
4.77
4.93
4.25
4.67
4.30
4.28
4.54
4.14
4.03
3.94
4.24
3.68
3.77
4.02
3.92
3.99
3.35
4.03
3.71
3.83
3.49
3.57
3.76
3.74
3.56
3.59
3.30
3.32
3.26
3.37
3.54
3.14
3.18
3.19
3.12
3.26
3.16
3.33
2.84
2.75
3.02
3.21
2.41
2.81
2.86
3.04
2.80
2.89
2.61
3.03
2.50
2.96
2.53
2.49
3.06
2.36
3.01
2.54
2.65
2.65
2.64
2.81
2.58
2.71
2.50
2.48
2.30
2.43
2.39
2.55
2.53
2.43
2.30
2.51
2.02
2.44
2.46
2.35
2.52
2.51
2.61
2.09
2.26
2.24
2.35
2.50
2.09
2.29
2.47
2.29
2.00
2.12
2.34
2.14
2.31
2.18
1.93
1.83
2.05
2.55
1.99
2.28
2.70
2.25
2.26
2.19
2.15
2.16
2.23
2.47
2.34
2.31
2.37
2.59
2.11
