-0.80
0.14
0.02
-0.19
0.05
-0.19
-0.02
-0.40
0.59
-0.28
0.09
67.83
71.39
66.77
49.39
23.88
9.19
3.18
1.88
2.14
1.79
3.30
4.05
5.42
4.64
4.50
2.36
2.61
2.69
2.61
3.58
3.44
4.43
3.74
3.74
4.50
3.65
3.34
3.53
4.03
3.34
3.18
3.58
2.31
2.73
2.99
2.31
2.83
2.61
2.78
2.00
2.97
1.79
2.36
2.47
2.31
2.83
2.43
2.14
2.83
2.43
2.36
2.99
2.00
2.69
3.09
2.87
1.84
2.31
2.83
2.14
1.91
1.37
2.69
1.27
1.44
1.63
1.84
1.88
2.10
2.14
2.05
1.79
1.95
2.00
1.65
2.57
2.21
2.21
1.79
2.66
1.37
1.58
1.95
2.26
2.00
1.79
2.43
1.22
1.11
2.00
1.27
1.91
1.06
1.88
2.52
2.10
2.40
1.44
1.84
2.31
1.88
1.74
1.74
2.10
1.63
0.99
1.95
1.58
1.37
1.32
1.74
1.84
1.79
0.94
0.85
1.48
1.53
1.32
0.99
1.79
2.31
1.95
0.78
2.36
1.48
1.63
1.91
2.00
1.20
1.79
0.99
1.44
2.05
1.15
2.26
0.99
1.32
1.79
1.15
