0.12
0.24
0.17
-0.18
-0.44
0.02
0.27
-0.08
30.39
58.53
57.66
17.99
5.27
2.14
5.49
10.73
11.29
9.90
7.51
7.03
7.22
8.35
9.14
9.11
7.96
8.04
8.01
7.92
7.82
8.12
7.53
7.32
7.02
6.85
6.84
6.67
6.64
6.57
6.47
6.79
6.37
5.91
6.17
5.71
5.85
5.47
5.75
6.37
5.40
5.33
5.42
6.02
5.88
5.43
5.60
5.06
5.24
5.22
5.26
4.88
5.57
4.81
4.70
4.89
4.64
4.87
5.34
4.95
5.11
4.98
4.70
4.20
4.05
4.40
4.58
3.54
4.27
4.37
4.11
4.21
4.46
4.31
4.75
4.61
4.36
4.62
3.98
4.73
4.45
4.44
4.28
4.21
3.88
4.00
4.39
3.69
3.91
3.96
4.15
3.92
