0.01
-0.22
0.25
0.04
-0.18
0.06
-0.12
0.11
0.09
0.78
16.72
51.10
50.73
50.23
27.55
12.61
5.57
3.47
3.66
4.26
6.75
7.48
8.49
7.51
6.47
5.94
5.06
5.37
5.65
6.31
6.06
6.46
6.50
6.28
6.35
5.78
5.55
5.47
5.43
5.54
6.02
5.71
5.87
5.48
5.60
5.18
5.61
5.42
5.21
5.79
5.29
4.79
4.66
5.07
4.97
5.52
4.72
4.94
4.73
4.80
4.79
4.60
4.57
4.85
4.50
4.44
4.56
4.24
4.84
4.53
4.30
4.09
4.60
4.59
4.25
3.95
4.37
4.78
4.09
4.13
4.34
4.49
4.02
3.66
4.18
3.64
4.01
3.70
3.95
3.56
3.78
3.99
4.10
3.62
3.94
3.68
3.66
3.68
3.41
3.46
3.85
3.72
3.24
3.44
3.35
3.32
3.63
3.33
4.05
3.40
3.37
3.66
3.35
3.65
3.28
3.74
3.26
3.32
3.58
3.60
3.21
3.54
3.15
3.38
3.22
3.06
3.33
3.29
3.01
3.12
3.33
3.13
2.85
3.33
2.95
3.03
3.13
3.32
2.97
2.96
2.81
3.08
3.41
3.21
3.26
3.00
3.16
3.15
3.30
3.07
