-0.22
-0.19
0.06
-0.14
-0.22
-0.19
0.08
-0.08
0.70
33.30
38.58
34.86
20.53
9.36
5.23
6.12
8.24
8.33
7.55
6.46
5.26
5.27
4.65
4.99
4.58
4.76
5.51
5.46
4.96
4.34
4.26
4.79
5.26
4.54
4.50
4.33
3.94
4.00
3.61
4.03
3.68
3.58
3.63
4.22
4.01
3.34
2.86
3.12
3.52
3.65
3.78
3.56
3.00
3.81
3.28
3.12
2.59
2.57
3.18
3.17
3.37
3.04
3.17
2.97
2.48
2.32
2.20
2.55
2.74
3.31
2.62
2.50
2.25
2.46
2.73
2.76
2.73
2.71
2.59
2.48
2.60
1.98
2.22
2.80
2.82
2.62
2.34
2.26
2.35
2.86
2.78
2.40
2.06
2.24
2.34
2.12
1.69
2.06
2.58
2.74
