0.09
0.19
-0.17
0.14
0.01
-0.04
-0.08
-0.16
0.00
-0.04
-0.01
0.14
0.39
3.96
11.44
17.04
20.49
19.92
16.95
13.94
11.97
9.77
9.87
9.50
10.29
11.32
10.46
10.50
9.34
8.63
7.60
6.98
6.97
6.27
6.98
6.57
6.25
6.46
5.99
6.49
5.67
6.73
5.90
6.11
6.52
5.63
6.41
5.65
6.28
6.30
5.68
6.77
5.89
6.65
5.97
5.92
6.55
5.82
6.83
5.99
6.32
5.76
5.53
6.04
4.99
6.13
5.47
5.63
5.99
5.14
5.83
5.07
5.38
5.41
5.15
5.45
4.94
5.46
4.82
5.20
5.00
4.55
5.43
4.58
5.12
4.61
4.73
5.00
4.19
5.19
4.35
4.55
4.81
4.36
5.18
4.11
4.81
4.49
4.49
4.89
4.55
5.02
4.35
4.54
4.62
4.27
4.67
4.06
4.51
4.09
3.90
4.41
3.67
4.61
3.88
4.02
4.21
3.91
4.53
3.69
4.43
4.12
4.09
4.50
3.92
4.17
3.53
4.07
4.28
3.77
4.46
3.73
4.05
3.65
3.68
4.04
3.39
4.39
3.73
3.94
3.95
3.55
4.23
3.40
4.05
3.86
3.93
4.19
3.60
4.19
