-0.11
-0.15
-0.11
-0.10
-0.07
0.25
-0.12
0.07
0.07
0.16
-0.10
6.52
18.15
20.43
29.02
28.61
17.90
12.66
8.60
6.67
7.67
9.02
9.99
10.73
9.05
7.48
6.04
5.08
4.63
4.31
4.61
4.53
5.46
5.95
5.29
5.87
5.59
6.05
5.55
5.83
5.91
4.90
5.76
5.33
5.02
5.35
4.73
5.10
4.81
4.92
4.39
4.95
4.81
4.77
5.26
4.43
4.16
4.81
4.05
4.79
3.88
4.55
4.09
4.09
4.50
3.91
4.32
4.00
4.50
4.25
3.96
4.38
3.95
3.97
3.43
3.86
4.09
4.04
4.08
3.58
3.99
3.75
3.77
4.07
3.21
4.13
3.44
3.53
3.80
3.07
3.55
3.50
3.62
3.26
3.35
3.56
3.52
3.47
3.02
2.99
3.49
3.13
3.85
3.04
3.49
3.31
3.22
3.34
2.92
3.39
2.87
3.08
3.34
2.48
3.32
2.68
3.41
3.08
2.91
3.20
3.00
3.09
2.43
3.01
2.96
2.79
3.36
2.63
2.82
2.93
2.63
2.88
2.99
2.88
2.98
3.06
3.16
2.56
2.95
2.44
3.00
2.84
2.80
3.24
2.80
3.35
2.63
2.90
2.83
2.84
