0.46
0.18
0.06
0.08
-0.46
0.23
-0.40
0.09
0.13
0.05
0.08
0.36
14.75
32.75
29.87
29.87
24.60
15.53
10.86
7.06
5.37
6.44
7.70
9.82
10.33
9.68
8.79
7.08
7.29
5.98
4.72
5.34
6.08
6.14
6.00
6.43
6.68
6.10
6.04
5.79
5.61
6.06
6.38
6.16
5.63
6.03
5.40
5.56
5.71
5.69
5.45
4.11
5.70
4.75
4.37
4.60
5.02
5.39
4.31
4.61
5.11
4.06
4.39
4.21
4.48
4.82
4.81
4.67
4.18
4.12
3.80
4.18
3.68
4.27
4.78
2.99
4.46
3.67
3.54
3.85
3.80
4.11
3.64
3.93
3.92
3.87
3.85
3.83
3.64
4.18
4.58
4.08
3.53
3.89
3.39
3.23
3.59
3.60
4.22
3.98
4.55
4.01
3.11
3.43
3.68
3.96
3.42
3.48
3.84
3.33
3.35
2.69
3.42
3.28
3.40
3.52
3.40
3.52
3.50
3.63
3.48
3.28
3.98
2.84
3.47
3.42
2.16
3.08
3.47
3.35
2.76
3.21
3.53
3.44
3.01
2.91
2.95
3.13
3.29
3.73
3.31
3.18
2.96
2.89
3.28
3.13
4.17
2.72
4.03
3.93
