-0.17
-0.39
0.51
0.22
0.20
0.25
0.07
-0.07
-0.54
-0.23
0.61
3.09
16.78
19.71
22.05
24.11
18.18
14.53
9.62
6.81
4.34
5.75
6.34
6.83
6.02
5.50
6.17
5.40
5.09
4.24
4.88
4.44
4.89
4.79
6.14
5.78
5.76
6.02
4.97
5.00
4.60
5.79
4.72
5.26
5.11
5.61
4.48
5.44
4.79
4.95
5.07
4.61
5.19
5.09
4.98
4.33
4.72
4.75
4.66
4.53
4.47
3.81
3.43
4.02
3.87
5.03
4.26
4.90
3.97
5.22
4.64
5.13
4.46
4.21
3.80
3.97
4.68
4.35
3.81
3.84
4.28
3.50
4.44
4.15
4.20
4.18
3.47
3.48
3.27
4.03
3.78
4.41
3.57
3.99
2.94
3.42
3.08
3.48
3.73
3.78
4.44
3.57
3.22
3.87
4.17
3.68
3.86
3.14
4.04
3.75
2.54
3.86
3.41
3.60
3.06
3.81
2.73
3.43
3.00
3.56
2.86
3.97
3.21
3.61
3.81
3.25
3.08
2.87
3.48
3.09
3.03
2.78
3.60
4.02
3.02
3.49
2.57
3.69
2.71
3.49
2.78
3.73
3.07
3.93
2.82
2.80
3.90
2.77
3.65
2.96
