-0.05
-0.15
-0.15
-0.08
0.01
0.27
-0.34
-0.05
0.32
-0.03
0.21
0.01
2.61
21.97
51.37
61.53
60.14
50.81
36.21
23.20
15.19
10.44
8.23
7.59
6.95
6.95
7.71
8.89
10.12
6.40
8.45
10.00
10.16
8.72
8.18
7.51
7.38
7.73
7.04
7.30
6.99
7.02
6.79
6.69
6.69
6.50
6.93
7.23
6.84
6.83
6.47
6.82
6.50
6.10
6.18
5.90
6.40
6.05
6.17
5.74
6.24
5.90
5.39
5.90
5.35
5.54
5.61
5.50
5.57
5.16
5.78
5.50
4.94
5.08
4.78
5.30
5.10
5.38
4.76
4.89
5.22
5.11
4.58
4.60
4.71
4.90
4.98
4.63
4.78
4.76
5.17
4.51
4.60
4.28
4.79
4.83
4.46
4.36
4.23
4.42
4.32
4.33
4.21
4.09
4.29
4.27
3.78
4.23
4.27
4.51
4.09
4.03
4.13
4.07
3.69
4.06
3.97
3.82
4.09
3.89
3.61
3.77
3.78
3.87
3.71
4.01
3.33
3.60
3.87
3.59
3.30
3.42
3.68
3.77
3.74
3.31
3.33
3.52
3.52
3.53
3.39
2.87
3.41
3.03
3.23
3.04
3.17
3.37
2.74
3.37
