-0.11
-0.11
-0.11
0.05
-0.15
0.27
0.05
0.09
-0.19
0.05
0.17
8.04
31.35
37.13
46.95
35.76
22.43
11.38
7.82
5.55
4.34
4.10
5.12
6.11
7.89
7.11
7.12
7.18
6.80
6.68
6.13
7.01
6.33
6.76
6.73
6.52
6.01
6.32
6.01
6.22
5.50
5.40
5.66
4.82
4.90
4.47
5.11
4.66
5.17
5.25
4.47
4.56
4.43
4.47
4.39
4.06
4.15
4.54
4.35
4.03
4.26
3.57
3.88
3.99
3.86
3.05
3.27
3.88
4.43
3.48
4.68
3.33
4.43
4.02
3.61
3.56
3.92
3.49
3.86
3.83
3.01
4.29
3.44
2.98
3.01
3.18
3.08
4.14
3.04
3.24
2.70
3.06
3.39
2.86
3.20
3.12
3.45
3.29
3.01
3.71
3.63
3.35
3.17
3.37
2.57
3.95
3.04
3.01
2.47
2.93
3.37
3.17
2.63
2.69
3.17
2.84
3.05
2.70
2.96
2.47
2.94
2.93
2.51
2.62
2.75
3.12
2.45
3.16
3.00
2.92
3.18
2.93
2.70
2.53
3.32
2.81
3.13
3.13
2.74
3.29
2.89
3.45
2.84
2.19
3.09
3.08
2.89
2.81
3.05
2.47
