0.16
0.03
-0.03
-0.02
0.07
0.12
-0.18
0.01
-0.09
0.14
0.04
-0.09
0.90
8.72
25.69
30.03
29.23
28.88
27.30
19.80
15.23
12.61
10.42
8.47
8.29
8.03
8.44
8.95
9.28
8.97
8.04
8.27
7.60
7.26
6.59
6.43
6.36
6.11
6.26
6.38
6.26
6.56
6.43
6.29
6.05
6.00
6.27
6.04
6.47
6.17
6.06
6.45
6.14
6.63
5.66
6.18
6.27
6.20
5.85
5.78
5.68
5.81
5.86
5.47
5.36
5.55
5.43
5.49
5.01
5.33
5.35
5.13
5.12
4.82
4.92
4.94
5.02
5.02
4.77
5.36
5.03
5.47
4.78
4.64
5.08
5.01
5.05
4.50
4.91
4.85
5.07
5.09
4.52
4.51
5.03
4.55
4.71
4.36
4.47
4.67
4.74
4.92
4.48
4.68
4.50
4.77
4.26
4.36
4.50
4.37
4.43
4.39
4.32
4.34
4.37
4.39
4.14
4.24
4.41
4.28
4.60
4.06
4.35
3.98
4.28
4.07
3.98
4.40
4.17
4.51
3.98
4.16
4.24
4.30
4.61
4.02
4.21
4.02
4.02
4.24
4.00
4.22
4.22
4.02
4.02
3.82
3.91
4.02
4.37
3.88
