0.29
0.10
-0.02
0.20
-0.23
0.05
-0.21
-0.07
-0.15
0.33
-0.80
17.01
43.35
43.94
48.52
32.78
20.55
12.18
11.28
11.84
14.72
16.70
15.73
15.31
12.92
11.85
11.06
9.92
9.83
10.02
10.60
10.35
9.15
9.50
7.57
10.02
9.10
9.17
10.02
8.66
10.73
7.95
9.99
8.91
9.48
10.20
9.07
9.20
8.42
8.84
8.23
7.81
8.14
8.09
8.40
8.53
7.36
8.66
6.53
8.11
7.27
7.60
7.94
6.36
8.50
6.40
7.72
6.94
7.21
7.21
7.26
7.42
6.47
6.67
6.40
6.24
7.13
6.32
6.80
6.37
5.63
6.20
4.86
6.76
5.53
5.84
6.70
5.68
7.06
5.60
6.27
5.37
6.01
5.34
5.42
5.00
4.63
5.39
5.59
5.17
5.44
5.13
5.43
5.51
4.94
5.76
4.01
4.98
4.74
4.77
5.01
4.63
5.84
4.24
4.87
4.17
5.64
5.89
5.33
5.31
4.10
4.65
4.41
4.71
4.72
4.30
4.46
4.74
4.18
4.82
3.31
4.41
3.95
4.30
4.44
3.79
4.97
4.00
4.85
3.98
4.63
4.44
3.56
4.18
3.54
4.47
4.41
3.89
4.66
4.11
