0.48
0.45
-0.04
-0.04
0.16
0.16
-0.16
-0.12
-0.13
-0.26
0.95
5.04
27.97
39.67
42.53
34.64
28.34
24.13
18.41
14.31
11.36
11.51
11.47
10.65
11.86
10.53
9.37
8.77
8.24
7.55
7.24
7.89
6.58
7.56
8.24
6.66
7.93
6.87
7.45
7.40
7.43
7.91
7.19
6.90
6.57
6.71
7.59
6.94
6.62
6.78
6.08
6.18
6.73
5.92
5.71
6.50
5.79
5.55
6.24
5.26
5.72
5.20
5.87
5.61
5.44
6.29
5.26
5.50
5.04
5.44
5.40
5.76
5.81
5.73
5.22
5.26
5.12
5.69
5.01
5.57
4.37
5.07
4.87
4.69
5.22
4.65
5.27
4.08
4.18
4.44
4.33
5.02
4.56
4.62
4.69
4.29
4.58
4.48
4.66
4.63
4.57
4.24
3.84
4.71
4.59
4.81
4.82
4.41
4.56
3.83
5.02
3.97
4.18
4.28
4.42
4.53
3.87
4.32
3.93
4.03
4.12
3.59
4.01
3.48
4.01
4.12
4.04
4.28
4.03
4.05
4.32
4.07
4.05
3.75
3.72
3.84
3.87
4.14
3.65
4.14
3.92
3.63
3.51
3.80
3.76
3.99
3.35
3.40
4.10
3.48
