-0.03
0.00
0.04
0.06
-0.34
0.08
0.05
0.06
-0.03
0.09
0.24
2.61
10.08
21.02
27.79
27.86
21.51
19.04
14.32
12.94
10.83
10.74
11.95
12.09
13.19
12.53
12.25
11.08
10.12
10.49
9.38
9.80
10.02
10.23
10.33
9.86
10.13
9.25
9.35
9.52
8.90
9.73
9.04
9.12
8.71
8.44
9.07
8.16
8.80
8.48
8.23
8.10
7.87
8.08
7.42
8.17
7.69
7.99
7.69
7.58
7.60
7.22
8.30
8.02
8.10
8.59
8.24
8.27
7.87
7.83
8.07
7.59
8.32
7.67
8.05
7.58
7.57
7.71
7.32
7.56
7.60
7.31
7.45
6.87
7.61
6.96
7.29
7.50
6.71
7.37
6.79
7.35
6.94
6.80
7.44
6.73
7.29
6.79
6.75
6.76
6.13
6.76
6.32
6.63
6.45
6.06
6.16
5.89
6.26
5.21
5.77
6.00
5.84
6.39
6.46
6.53
6.23
6.17
6.57
6.10
6.41
6.10
6.11
6.16
5.81
6.01
5.82
6.37
6.19
6.49
6.35
5.83
6.07
6.01
5.97
6.20
5.50
5.74
5.50
5.69
5.69
5.99
6.40
6.18
6.31
6.00
5.80
5.94
5.82
5.96
