-0.09
0.15
-0.08
-0.20
-0.03
0.30
0.04
0.01
-0.17
0.28
7.39
13.35
17.76
15.28
12.31
8.03
6.06
5.80
5.67
6.52
6.36
6.56
6.51
5.38
5.17
4.80
4.82
4.64
5.00
5.57
4.82
5.06
4.88
4.82
4.78
4.15
5.26
4.61
4.75
4.61
4.50
4.64
4.37
4.32
4.42
4.67
4.44
4.38
4.29
4.20
4.11
4.11
4.10
4.40
3.98
4.67
4.15
4.34
3.87
3.67
4.34
3.97
3.92
3.80
4.01
4.02
3.74
3.35
3.92
4.08
3.93
3.83
3.64
3.96
3.71
3.88
3.61
3.76
3.47
4.08
3.67
3.30
3.67
3.59
3.99
3.91
3.61
3.47
3.57
3.65
3.41
3.22
3.66
3.71
3.69
3.18
3.22
3.29
3.44
3.56
3.20
3.95
3.37
3.69
3.04
3.48
3.12
2.92
3.79
3.39
3.32
3.15
3.66
3.68
3.39
3.00
3.85
3.63
3.59
3.15
2.84
3.12
3.24
3.26
2.90
3.50
3.21
3.77
3.00
3.51
3.27
2.98
3.71
3.04
3.47
3.20
3.21
3.21
3.04
3.18
3.28
3.37
3.52
3.07
3.11
3.06
3.10
3.04
2.76
3.56
