-0.03
0.01
-0.03
0.01
-0.02
-0.01
0.01
0.07
0.76
27.00
37.98
45.03
30.19
15.57
8.88
6.74
7.34
9.02
8.32
9.39
7.90
5.86
5.55
5.50
5.56
4.72
5.04
5.53
5.73
5.13
4.77
5.16
5.04
5.42
5.60
5.31
5.07
4.61
4.84
4.11
3.91
3.94
4.34
4.04
3.58
3.86
4.29
4.04
4.00
3.64
3.86
3.89
3.72
3.57
3.61
3.37
3.13
3.08
3.55
3.34
3.82
3.96
3.54
3.54
3.35
3.66
3.29
3.43
3.32
3.21
3.07
3.30
3.39
3.21
3.16
3.03
2.93
3.00
2.81
3.35
3.12
2.89
2.57
2.53
2.90
3.06
3.23
2.80
2.53
2.21
2.71
2.44
2.50
2.87
2.66
2.59
3.02
2.79
2.89
2.85
