-0.46
0.41
0.02
-0.30
0.33
0.33
-0.22
-0.22
-0.30
3.45
26.83
31.51
36.13
50.74
28.75
13.19
5.50
6.00
8.30
12.23
14.84
13.02
11.99
7.82
6.65
7.67
7.26
7.28
9.39
9.15
9.91
8.78
7.17
8.43
8.93
10.17
7.34
7.52
8.54
8.02
7.08
7.28
7.24
7.11
8.00
8.45
6.71
7.02
5.95
6.02
6.97
7.21
6.13
5.98
5.71
6.95
5.52
6.06
7.17
6.04
5.65
5.56
6.80
5.65
6.08
6.37
6.08
5.35
5.24
5.32
6.65
6.13
6.15
7.17
5.76
6.17
5.58
4.95
5.52
6.15
4.43
5.67
5.43
6.00
4.69
3.67
5.61
5.58
4.95
5.24
6.21
4.50
4.54
4.52
4.67
4.32
4.26
5.35
5.56
4.26
4.63
5.41
4.28
5.45
4.56
2.82
5.54
5.04
4.04
3.52
3.19
4.52
3.69
4.37
6.24
4.22
4.26
6.00
4.56
3.52
3.41
4.28
3.89
3.87
3.22
4.26
3.85
4.45
3.24
3.87
4.26
5.28
4.19
3.35
3.72
4.04
4.13
4.35
4.50
3.09
2.85
4.13
3.54
3.45
2.91
5.00
4.69
3.04
5.02
3.41
