-0.52
0.10
0.38
-0.36
-0.22
-0.12
0.17
0.00
0.03
0.12
-0.10
1.13
12.75
29.12
34.59
32.02
28.67
23.30
19.83
15.55
14.07
13.81
11.77
13.51
14.22
14.84
13.90
13.46
13.13
10.88
11.66
10.49
10.42
8.76
8.91
8.79
8.83
8.40
8.15
7.45
6.82
7.70
7.11
7.88
7.42
8.35
7.47
7.74
8.29
7.37
7.73
6.62
7.46
6.90
7.43
6.74
7.18
6.83
6.62
6.75
6.42
7.57
6.56
6.35
5.59
6.47
5.22
6.49
4.72
6.21
5.09
5.56
6.69
5.23
6.24
5.14
5.69
5.14
5.22
5.69
6.05
4.99
5.38
5.54
5.95
4.97
4.89
5.78
5.07
5.68
4.88
5.23
5.54
5.34
4.38
4.71
5.71
4.63
6.09
4.05
5.09
4.10
5.24
5.25
4.85
4.44
4.35
5.38
4.81
4.80
4.52
5.54
4.19
4.67
4.78
5.03
5.13
4.66
4.86
3.99
4.65
3.78
5.56
3.91
4.82
3.96
4.30
4.28
3.89
4.38
5.07
4.54
4.49
4.93
3.81
5.42
3.47
4.23
4.43
4.49
4.53
5.29
4.37
4.72
4.77
4.10
4.95
4.04
4.66
4.81
