0.69
0.22
0.28
-0.51
-0.63
0.35
0.38
-0.11
0.05
0.24
11.10
50.48
52.66
25.93
10.95
5.93
3.64
4.20
4.97
5.95
6.87
5.04
4.95
3.37
4.56
4.25
3.56
4.33
4.64
5.95
4.49
6.02
4.99
4.33
4.17
5.85
5.04
3.81
4.20
5.52
3.71
4.75
4.10
4.51
4.33
3.33
3.64
2.84
4.48
4.02
3.12
4.11
2.54
4.01
2.97
3.95
4.64
3.33
4.17
3.59
3.33
3.56
3.04
3.86
2.52
3.94
2.15
2.81
2.02
3.04
3.74
2.38
2.71
2.61
2.84
2.44
2.44
3.15
3.67
2.69
2.96
2.29
2.57
2.83
2.67
2.24
2.09
4.01
2.01
3.88
3.10
3.10
2.87
1.90
3.19
3.12
3.06
2.84
1.80
2.01
2.99
2.95
2.56
2.53
2.73
2.27
3.18
2.52
2.26
2.51
2.30
3.56
2.59
2.02
2.55
2.59
2.48
1.79
3.10
2.59
3.58
2.37
1.63
2.53
2.35
2.39
2.57
1.51
2.15
1.89
1.81
2.69
2.07
2.60
2.31
3.12
2.66
3.76
2.01
2.46
2.43
2.36
2.88
3.21
1.92
2.47
2.35
2.09
1.68
1.63
