0.21
-0.11
-0.14
-0.06
0.03
0.21
-0.13
0.10
0.10
0.33
2.13
12.60
20.15
35.66
51.42
59.41
41.78
21.45
12.85
8.02
8.68
15.10
17.23
20.80
21.51
18.58
13.97
12.34
10.33
9.93
9.59
10.83
10.09
10.38
11.43
9.77
10.29
10.34
10.15
9.56
9.91
10.53
10.46
9.01
10.00
8.72
8.87
9.37
8.50
7.81
8.26
8.30
8.99
7.75
8.05
8.82
8.37
7.88
8.97
7.85
7.43
7.74
7.18
7.41
7.38
7.14
6.82
7.04
7.33
7.04
6.08
7.42
7.12
6.18
5.99
6.58
7.08
6.86
6.25
6.95
7.19
7.18
7.14
6.51
5.98
7.22
6.62
6.71
6.36
6.30
6.16
6.24
6.68
6.40
6.31
6.49
5.79
5.65
6.12
5.86
6.10
6.05
5.97
6.62
6.16
5.48
6.87
5.10
4.87
5.59
4.91
5.58
5.54
5.06
5.38
5.02
4.77
5.64
5.43
5.03
5.32
4.76
5.29
5.57
5.67
5.63
5.40
4.90
4.33
4.40
5.02
4.38
5.16
5.88
5.01
5.72
4.58
5.24
4.93
4.54
5.64
5.22
5.27
4.74
5.00
4.56
5.01
5.29
5.38
5.30
