-0.20
-0.28
-0.16
-0.01
-0.24
-0.13
0.70
0.30
-0.16
0.62
12.06
18.25
25.03
42.61
27.18
14.03
8.77
6.67
8.35
9.98
11.09
11.07
10.03
9.38
8.11
7.90
7.22
8.03
8.13
7.52
8.59
8.64
8.30
9.06
8.89
8.66
8.26
7.96
8.38
7.70
9.36
7.50
7.72
6.73
7.18
7.09
6.48
7.40
5.96
6.79
6.13
6.21
6.25
6.43
6.69
6.52
6.01
6.77
6.26
6.40
5.77
5.75
6.27
5.37
7.24
5.04
5.67
5.00
5.43
5.87
4.62
5.82
4.99
5.14
5.53
4.90
4.78
5.29
5.77
5.48
4.96
5.84
4.64
5.45
4.96
5.28
5.19
4.83
5.77
4.95
4.46
4.14
4.10
4.80
4.17
5.00
4.18
4.96
4.50
4.25
4.67
4.69
4.97
4.71
4.27
4.97
4.30
4.71
4.12
4.61
4.58
4.25
5.26
3.66
4.13
4.23
4.49
4.20
3.74
4.36
3.98
3.92
3.86
4.03
3.97
3.96
5.06
4.43
3.83
4.25
4.21
4.90
4.05
4.52
4.43
4.81
4.94
3.67
4.05
3.81
3.96
3.53
3.49
4.27
3.88
4.17
3.38
3.60
3.94
3.56
