0.33
0.13
-0.11
-0.03
-0.14
0.09
0.06
0.04
0.25
14.87
31.61
17.48
6.55
3.16
1.69
2.34
3.83
3.90
4.48
3.29
2.72
2.01
2.18
2.21
2.21
2.33
2.08
2.77
1.84
2.43
2.34
2.48
2.73
2.44
2.57
2.09
2.43
2.30
2.04
2.10
1.96
1.82
2.18
1.70
1.80
1.57
2.00
1.85
1.81
1.57
1.57
2.04
1.70
1.93
1.66
1.58
1.84
1.93
1.77
1.46
1.93
1.88
1.47
2.00
1.90
1.52
1.59
1.51
1.36
1.24
1.57
1.39
1.47
1.35
1.42
1.77
1.30
1.50
1.50
1.59
1.89
1.53
1.77
1.47
1.68
1.93
1.44
1.78
1.68
1.46
1.41
1.40
1.52
1.24
1.55
1.46
1.25
1.37
1.08
1.64
