0.23
0.08
-0.01
-0.03
0.04
-0.10
0.16
-0.15
1.69
11.59
44.30
26.28
13.03
6.01
4.33
6.01
7.32
6.88
4.71
3.95
3.60
3.62
3.63
3.65
3.70
4.00
3.48
3.78
3.76
3.63
4.07
3.41
3.60
3.42
3.40
3.22
3.47
3.51
3.31
3.08
2.94
3.17
2.88
3.00
3.18
2.64
2.96
2.97
2.85
2.78
2.45
2.76
2.82
2.66
2.88
2.39
2.45
2.34
2.51
2.32
2.61
2.35
2.19
2.38
2.00
2.26
2.12
2.40
2.73
2.12
2.48
2.21
2.11
2.09
2.05
1.98
2.42
2.03
2.26
1.96
2.18
2.05
2.38
2.10
1.98
1.98
2.05
2.05
1.92
1.99
1.85
1.83
2.04
1.73
1.90
1.81
1.85
2.15
2.06
2.02
