-0.36
0.29
0.40
0.48
0.95
-0.95
-0.37
0.59
-0.68
-0.30
3.27
3.90
10.49
20.67
18.39
11.62
9.81
8.66
7.63
7.55
8.90
9.01
7.77
8.25
7.02
7.79
6.88
6.87
6.80
5.38
6.90
5.72
5.75
6.82
6.37
6.17
6.48
5.86
5.75
5.32
6.18
7.28
6.17
5.64
6.34
7.25
5.53
6.60
6.11
6.07
6.06
6.18
5.94
4.40
4.94
4.91
4.55
5.36
5.19
4.63
5.04
4.95
5.56
4.46
5.27
5.78
5.56
5.88
5.21
5.44
5.06
5.15
5.05
5.27
5.45
4.97
4.83
3.65
5.09
4.57
3.62
4.52
3.72
3.72
3.95
3.96
3.99
3.17
3.02
4.85
4.54
4.44
4.04
4.16
3.51
4.99
3.29
4.95
3.80
4.49
4.07
2.99
4.00
3.45
3.39
3.59
3.45
3.41
3.84
3.22
3.40
2.25
3.16
5.05
3.89
4.21
4.04
4.08
3.70
3.92
3.89
4.19
4.02
4.09
3.87
2.28
3.80
3.62
3.33
4.14
3.49
3.79
4.52
3.60
2.91
3.14
3.11
4.46
3.76
4.31
4.03
3.28
3.27
4.01
3.36
3.93
3.38
4.32
3.90
2.59
