0.44
-0.08
-0.07
-0.08
-0.29
0.19
-0.32
0.02
0.11
0.26
0.12
0.14
0.23
7.17
21.57
25.63
32.65
39.27
33.35
22.70
18.89
11.95
10.74
7.65
7.61
7.26
6.61
8.20
7.70
8.23
7.52
6.94
7.21
5.88
5.65
5.29
5.25
5.36
5.62
5.36
5.55
5.70
5.20
5.48
5.65
4.93
5.60
4.93
5.12
4.91
4.44
5.18
4.46
5.13
4.53
4.77
5.29
5.17
4.58
4.53
4.21
4.34
4.62
4.42
3.85
3.99
3.97
4.12
4.35
3.70
4.37
4.33
4.41
3.92
3.76
4.01
3.55
4.02
3.44
3.29
3.51
3.82
3.88
3.71
3.85
3.54
3.98
3.66
3.54
3.25
3.25
3.71
3.52
2.85
3.94
3.02
3.51
3.19
3.34
3.88
3.21
3.37
3.53
3.07
2.86
3.66
3.07
2.76
3.50
3.48
3.36
2.90
3.49
3.24
3.12
3.25
3.40
2.97
3.15
3.06
3.41
3.40
2.82
3.45
2.87
3.16
2.98
3.01
3.15
3.11
2.80
2.51
2.82
2.97
3.13
2.54
2.97
2.69
2.93
3.09
2.88
2.61
3.09
2.90
2.95
3.28
2.52
2.70
2.78
2.95
