0.16
-0.30
-0.28
-0.09
0.23
0.07
0.24
0.78
-0.19
-0.42
0.36
30.08
70.45
61.96
60.80
44.43
37.64
16.33
8.22
11.53
8.21
8.41
11.63
8.88
9.92
6.31
7.36
7.15
5.93
7.41
6.52
8.22
6.20
9.08
8.81
7.22
9.37
6.58
7.04
6.18
5.99
7.15
5.55
5.64
5.32
5.87
5.42
4.92
5.46
4.45
5.18
5.59
4.97
4.35
4.96
5.41
4.59
5.35
5.16
5.01
5.13
4.97
4.99
4.34
5.36
4.07
4.47
3.68
3.35
3.38
5.60
3.67
4.37
3.77
2.88
2.63
3.24
3.60
3.33
3.70
3.90
4.33
3.75
3.44
2.70
3.83
3.61
3.56
3.79
3.34
3.49
2.93
3.48
3.26
3.74
2.58
2.16
3.57
3.77
2.68
1.60
2.87
3.51
2.48
2.50
2.79
3.50
3.15
2.88
2.56
2.56
4.01
2.73
1.50
2.81
2.61
3.31
3.12
3.82
2.52
2.80
2.99
3.49
3.34
1.47
2.63
3.37
2.93
2.36
3.63
2.67
3.94
2.68
3.24
2.54
2.59
3.56
3.84
3.86
1.78
2.83
2.67
2.45
2.50
2.24
2.52
2.89
2.68
2.81
2.74
