0.03
0.08
0.01
0.02
0.08
0.00
-0.01
-0.18
4.16
38.32
49.18
28.00
8.19
5.01
6.03
8.96
9.30
7.91
5.96
5.19
5.30
5.64
6.26
5.93
6.15
5.79
5.50
5.49
4.88
4.35
4.84
5.18
5.78
5.71
5.73
5.48
5.25
5.20
4.92
4.60
4.01
4.55
4.41
4.93
4.93
4.87
4.68
4.56
4.66
4.24
4.25
3.28
4.01
4.56
4.73
4.62
4.57
4.66
4.54
3.91
4.06
3.52
3.77
3.67
4.27
4.25
4.01
4.33
3.86
3.53
3.59
3.10
3.19
4.10
4.48
4.31
4.13
4.34
4.31
3.78
3.81
3.71
3.84
3.74
3.72
3.78
3.79
3.99
3.80
3.58
3.46
3.61
3.29
3.73
3.68
3.97
4.09
4.00
3.82
3.69
