0.04
-0.10
0.09
0.07
-0.09
-0.27
0.12
0.18
9.02
22.28
36.32
18.29
6.83
4.67
3.86
6.27
8.79
9.40
8.88
7.27
6.84
6.63
6.08
6.39
6.90
6.48
6.62
6.33
6.02
5.84
5.16
5.67
5.46
4.68
4.94
5.52
5.75
4.76
4.86
4.40
4.56
4.32
4.64
4.53
4.16
4.18
3.87
4.02
3.78
4.05
4.36
4.13
3.75
3.47
3.22
3.31
3.61
3.56
3.20
3.70
3.68
2.87
3.35
2.96
3.02
3.33
2.94
3.47
2.94
2.80
2.81
2.98
2.79
2.69
2.64
3.22
2.73
2.35
2.37
2.54
2.69
2.73
2.64
2.43
2.77
2.53
2.54
2.56
2.34
2.30
2.60
2.70
2.55
2.76
2.60
2.27
2.34
2.39
2.19
2.46
